"species","x","y","bio01nz","bio05nz","bio06nz","bio12nz","bio13nz","bio14nz"
"background",1,1,155,242,74,1147,134,73
"background",2,2,110,209,10,779,75,51
"background",3,3,87,208,-20,543,61,34
"background",4,4,87,193,-10,651,68,39
"background",5,5,131,235,35,1697,180,99
"background",6,6,77,171,-9,1366,133,90
"background",7,7,131,230,39,1793,191,95
"background",8,8,108,217,12,1910,193,132
"background",9,9,118,214,33,1578,156,91
"background",10,10,137,233,48,1685,188,96
"background",11,11,130,221,46,1315,142,81
"background",12,12,140,240,46,1357,140,85
"background",13,13,123,223,34,2366,253,119
"background",14,14,93,182,6,1270,127,79
"background",15,15,103,227,-10,446,51,27
"background",16,16,152,240,74,1585,184,98
"background",17,17,52,179,-52,1371,129,86
"background",18,18,131,221,37,1994,212,103
"background",19,19,59,164,-28,2268,206,153
"background",20,20,124,221,41,1587,177,78
"background",21,21,152,241,67,1219,132,69
"background",22,22,149,239,64,2025,242,119
"background",23,23,77,177,-12,1247,123,67
"background",24,24,57,160,-33,2093,206,107
"background",25,25,106,201,22,3831,395,207
"background",26,26,122,215,35,1230,135,60
"background",27,27,133,223,48,1140,122,70
"background",28,28,43,165,-57,2408,233,130
"background",29,29,97,196,6,1018,101,51
"background",30,30,132,234,38,1088,132,56
"background",31,31,81,178,-8,2319,233,119
"background",32,32,125,231,30,1877,196,116
"background",33,33,100,196,13,935,97,57
"background",34,34,68,190,-35,4528,449,266
"background",35,35,71,171,-16,975,96,55
"background",36,36,121,224,29,1347,163,73
"background",37,37,87,184,-4,1339,134,72
"background",38,38,85,190,-8,3605,360,234
"background",39,39,150,242,63,1894,216,122
"background",40,40,93,187,2,2087,212,110
"background",41,41,79,186,-19,1903,197,100
"background",42,42,110,209,16,1427,150,68
"background",43,43,119,226,16,4178,437,268
"background",44,44,121,228,26,1623,177,102
"background",45,45,149,239,63,2020,239,120
"background",46,46,154,243,71,1393,162,92
"background",47,47,124,230,26,1618,164,95
"background",48,48,39,160,-56,2236,214,139
"background",49,49,27,149,-71,3627,350,196
"background",50,50,93,195,-4,1619,174,88
"background",51,51,75,176,-17,1997,202,103
"background",52,52,146,235,74,1871,217,105
"background",53,53,121,222,32,1195,120,70
"background",54,54,150,241,66,1252,138,81
"background",55,55,135,231,48,881,90,56
"background",56,56,153,241,73,1282,148,84
"background",57,57,88,187,-4,1171,118,63
"background",58,58,71,177,-25,3224,328,168
"background",59,59,97,190,7,2815,277,137
"background",60,60,116,215,18,1316,138,64
"background",61,61,109,208,14,1071,108,55
"background",62,62,37,157,-61,3288,321,175
"background",63,63,51,168,-44,2729,267,169
"background",64,64,68,169,-20,2878,295,139
"background",65,65,59,162,-30,2291,228,117
"background",66,66,150,241,65,1297,136,84
"background",67,67,79,179,-12,1299,131,70
"background",68,68,112,211,11,728,73,46
"background",69,69,75,201,-31,932,92,60
"background",70,70,80,176,-8,2805,279,143
"background",71,71,94,200,4,1323,131,77
"background",72,72,98,205,6,2246,230,123
"background",73,73,71,194,-31,2555,256,150
"background",74,74,67,168,-21,1472,143,80
"background",75,75,34,160,-65,1692,157,109
"background",76,76,131,237,36,1390,167,70
"background",77,77,102,193,13,2447,239,126
"background",78,78,107,198,17,2743,265,138
"background",79,79,109,208,9,805,77,53
"background",80,80,110,219,14,1866,188,130
"background",81,81,55,178,-49,1062,99,71
"background",82,82,92,202,-4,1234,121,78
"background",83,83,76,170,-10,1347,132,88
"background",84,84,138,230,54,2002,233,126
"background",85,85,117,221,15,4135,415,274
"background",86,86,162,248,89,1148,135,69
"background",87,87,140,238,46,1296,134,84
"background",88,88,64,167,-23,2041,189,140
"background",89,89,105,207,9,979,131,53
"background",90,90,120,212,31,864,93,57
"background",91,91,118,223,16,4353,453,285
"background",92,92,115,221,21,1560,155,93
"background",93,93,111,210,11,731,74,45
"background",94,94,112,211,12,583,61,31
"background",95,95,60,162,-27,1483,146,80
"background",96,96,72,184,-23,1161,109,80
"background",97,97,74,193,-26,1083,104,72
"background",98,98,88,207,-19,547,57,36
"background",99,99,95,218,-9,839,87,51
"background",100,100,47,163,-46,1683,155,112
"background",101,101,134,239,40,1321,154,70
"background",102,102,116,224,22,1718,199,92
"background",103,103,111,211,11,724,74,44
"background",104,104,80,188,-8,2807,294,146
"background",105,105,99,223,-14,480,54,29
"background",106,106,122,222,32,969,99,61
"background",107,107,77,189,-21,3511,348,220
"background",108,108,116,213,15,1441,139,79
"background",109,109,93,200,-7,544,61,34
"background",110,110,76,201,-32,797,80,57
"background",111,111,64,181,-33,1629,161,103
"background",112,112,139,240,42,729,80,43
"background",113,113,133,234,41,1079,130,55
"background",114,114,162,247,91,1019,119,61
"background",115,115,148,237,67,1254,143,74
"background",116,116,56,179,-46,3078,302,169
"background",117,117,95,187,10,2172,207,152
"background",118,118,91,215,-17,1091,108,63
"background",119,119,127,226,37,1603,161,84
"background",120,120,159,246,83,1591,184,100
"background",121,121,135,223,51,1569,173,97
"background",122,122,155,242,82,1390,162,78
"background",123,123,98,210,-6,625,67,37
"background",124,124,152,241,69,1524,180,101
"background",125,125,130,232,36,975,114,55
"background",126,126,72,170,-17,2703,268,136
"background",127,127,96,197,12,2114,234,105
"background",128,128,98,214,-7,4302,432,265
"background",129,129,70,193,-36,844,78,54
"background",130,130,54,181,-51,2379,232,138
"background",131,131,148,241,60,1511,161,98
"background",132,132,113,210,15,596,61,31
"background",133,133,123,228,27,1654,167,102
"background",134,134,126,231,33,1865,223,109
"background",135,135,106,203,10,748,74,51
"background",136,136,113,221,18,1613,152,101
"background",137,137,155,242,76,1312,155,86
"background",138,138,97,197,1,1057,109,66
"background",139,139,124,223,35,1855,186,96
"background",140,140,152,240,75,1753,205,107
"background",141,141,139,230,54,1613,160,103
"background",142,142,52,155,-35,1823,178,95
"background",143,143,95,198,0,1064,106,72
"background",144,144,117,202,27,3220,314,185
"background",145,145,144,238,55,1616,172,102
"background",146,146,153,240,72,1148,132,68
"background",147,147,93,197,-1,1032,102,69
"background",148,148,93,193,3,2567,245,172
"background",149,149,134,238,38,1657,175,98
"background",150,150,134,236,39,1423,148,92
"background",151,151,128,225,39,1658,162,90
"background",152,152,125,220,43,1174,140,56
"background",153,153,140,235,52,1602,167,103
"background",154,154,60,180,-39,2794,277,168
"background",155,155,64,189,-39,3511,349,203
"background",156,156,89,178,4,1301,130,82
"background",157,157,88,186,0,884,86,49
"background",158,158,61,165,-27,2057,190,141
"background",159,159,151,242,65,1443,155,96
"background",160,160,129,230,36,1187,146,60
"background",161,161,129,222,44,1118,110,70
"background",162,162,98,205,-1,927,96,58
"background",163,163,137,235,45,1697,182,98
"background",164,164,53,173,-45,1445,136,95
"background",165,165,99,205,7,1348,135,88
"background",166,166,72,171,-18,2180,219,113
"background",167,167,77,188,-19,1089,104,73
"background",168,168,128,220,43,1281,130,77
"background",169,169,94,202,3,2370,244,128
"background",170,170,64,187,-39,981,94,70
"background",171,171,122,216,37,1793,179,102
"background",172,172,142,237,52,1413,160,86
"background",173,173,148,237,65,1463,169,94
"background",174,174,129,225,41,2118,220,110
"background",175,175,130,225,43,1785,174,99
"background",176,176,132,232,38,2141,217,132
"background",177,177,53,156,-34,1825,178,95
"background",178,178,130,221,45,1350,145,83
"background",179,179,90,198,-11,946,89,63
"background",180,180,54,164,-36,2276,210,149
"background",181,181,58,161,-29,2143,197,147
"background",182,182,49,175,-51,1965,191,119
"background",183,183,151,240,68,1232,140,72
"background",184,184,120,226,23,1412,140,100
"background",185,185,141,236,52,2292,251,143
"background",186,186,102,196,17,1094,122,69
"background",187,187,128,229,36,1221,149,62
"background",188,188,127,217,33,3003,299,150
"background",189,189,106,214,2,534,60,30
"background",190,190,108,209,7,793,76,50
"background",191,191,95,212,-10,4420,448,275
"background",192,192,120,219,36,1260,156,61
"background",193,193,130,231,35,895,100,57
"background",194,194,123,227,28,1106,125,71
"background",195,195,83,189,-13,1227,124,82
"background",196,196,32,160,-68,3213,309,184
"background",197,197,134,231,45,1748,192,101
"background",198,198,132,234,38,960,114,53
"background",199,199,148,238,65,1175,132,70
"background",200,200,66,167,-23,1644,161,87
"background",201,201,126,228,32,2215,225,140
"background",202,202,129,232,34,1546,160,96
"background",203,203,108,198,18,2939,296,165
"background",204,204,95,211,-9,4036,407,245
"background",205,205,114,200,25,2286,221,127
"background",206,206,135,228,48,1809,179,109
"background",207,207,107,198,16,1858,188,98
"background",208,208,103,202,5,774,81,44
"background",209,209,131,226,36,1573,159,76
"background",210,210,134,237,42,1893,233,107
"background",211,211,123,223,31,2331,250,125
"background",212,212,127,230,33,1001,106,63
"background",213,213,132,237,35,1338,129,98
"background",214,214,125,232,28,1186,118,85
"background",215,215,127,219,43,1356,142,81
"background",216,216,98,194,11,928,97,53
"background",217,217,99,189,8,1257,128,79
"background",218,218,117,221,24,1910,197,106
"background",219,219,70,196,-37,1081,103,68
"background",220,220,98,193,10,1171,127,74
"background",221,221,68,170,-22,1772,176,92
"background",222,222,114,222,18,1578,155,102
"background",223,223,97,198,2,946,95,60
"background",224,224,129,233,37,2174,259,119
"background",225,225,81,206,-27,1089,108,59
"background",226,226,123,224,32,1772,182,93
"background",227,227,102,225,-10,550,60,38
"background",228,228,71,193,-33,3551,352,210
"background",229,229,142,245,45,1457,150,79
"background",230,230,38,165,-63,1957,186,120
"background",231,231,103,206,2,932,91,54
"background",232,232,91,203,-9,936,95,61
"background",233,233,116,222,14,4524,467,295
"background",234,234,53,177,-47,2164,213,130
"background",235,235,77,175,-12,2822,284,144
"background",236,236,125,222,38,1065,102,68
"background",237,237,66,171,-22,2029,186,138
"background",238,238,103,209,0,907,93,50
"background",239,239,134,235,38,1478,152,96
"background",240,240,128,230,34,1170,141,60
"background",241,241,42,161,-53,2674,259,165
"background",242,242,79,202,-28,664,69,45
"background",243,243,75,173,-14,2679,270,137
"background",244,244,119,217,25,870,117,48
"background",245,245,113,215,23,1249,124,72
"background",246,246,86,174,1,1287,128,81
"background",247,247,98,195,4,2164,229,104
"background",248,248,86,182,-4,3114,315,164
"background",249,249,87,195,-12,611,65,36
"background",250,250,146,240,59,1935,210,123
"background",251,251,119,225,24,2092,226,116
"background",252,252,122,227,28,2048,224,113
"background",253,253,117,225,21,1799,184,125
"background",254,254,42,155,-52,3160,310,163
"background",255,255,94,204,-9,462,52,27
"background",256,256,92,214,-15,1555,158,90
"background",257,257,55,183,-49,1547,149,96
"background",258,258,43,160,-54,3149,310,165
"background",259,259,99,195,5,955,99,59
"background",260,260,126,230,30,1058,124,66
"background",261,261,113,209,27,2316,234,126
"background",262,262,103,196,13,2876,287,140
"background",263,263,112,211,11,713,68,44
"background",264,264,154,241,79,1778,205,107
"background",265,265,149,237,68,1235,141,73
"background",266,266,62,175,-36,3092,309,164
"background",267,267,80,190,-20,673,69,41
"background",268,268,107,213,13,1453,145,94
"background",269,269,98,198,0,1093,103,71
"background",270,270,122,215,42,1304,155,60
"background",271,271,152,241,71,1746,214,104
"background",272,272,142,241,48,1297,135,82
"background",273,273,143,240,50,1259,132,80
"background",274,274,64,188,-40,3496,342,200
"background",275,275,138,237,44,1573,169,92
"background",276,276,97,189,11,2425,231,170
"background",277,277,77,176,-12,2606,272,125
"background",278,278,108,193,21,712,68,46
"background",279,279,134,228,50,932,98,58
"background",280,280,91,214,-18,700,71,38
"background",281,281,107,209,20,1911,212,97
"background",282,282,70,169,-18,2987,298,152
"background",283,283,37,163,-63,2107,201,129
"background",284,284,95,204,4,2774,313,156
"background",285,285,109,200,18,2369,230,120
"background",286,286,126,223,38,1832,180,98
"background",287,287,143,239,53,1322,137,84
"background",288,288,113,198,27,2646,250,148
"background",289,289,127,229,34,1697,175,96
"background",290,290,142,237,52,1981,218,120
"background",291,291,92,205,-11,834,85,54
"background",292,292,110,203,26,3441,357,191
"background",293,293,56,179,-43,1542,149,97
"background",294,294,80,178,-10,1720,174,95
"background",295,295,112,209,14,605,63,32
"background",296,296,114,211,22,745,74,49
"background",297,297,118,220,17,4349,433,290
"background",298,298,102,202,4,729,77,41
"background",299,299,56,176,-46,1689,163,93
"background",300,300,112,202,21,2254,219,114
"background",301,301,91,201,-11,906,87,61
"background",302,302,72,187,-30,1265,124,72
"background",303,303,113,209,23,1527,162,72
"background",304,304,154,242,78,1692,203,98
"background",305,305,86,190,-6,1341,129,92
"background",306,306,148,240,62,1354,142,89
"background",307,307,94,187,4,1047,100,73
"background",308,308,124,231,27,1199,117,85
"background",309,309,75,184,-23,2347,241,121
"background",310,310,117,216,19,1134,117,58
"background",311,311,135,238,37,1006,116,58
"background",312,312,125,217,29,1957,215,98
"background",313,313,129,220,44,985,112,48
"background",314,314,104,189,19,851,82,56
"background",315,315,141,236,50,2336,260,148
"background",316,316,121,216,36,1481,146,86
"background",317,317,104,204,6,944,86,65
"background",318,318,102,198,12,2747,264,188
"background",319,319,126,231,30,1395,138,86
"background",320,320,145,240,54,2016,226,128
"background",321,321,105,225,-3,1091,112,63
"background",322,322,95,202,5,2937,338,163
"background",323,323,111,209,13,606,64,32
"background",324,324,145,241,51,1537,160,98
"background",325,325,150,238,71,1220,143,75
"background",326,326,58,171,-39,2001,197,106
"background",327,327,62,174,-35,2510,253,131
"background",328,328,98,198,2,720,73,44
"background",329,329,141,242,44,755,85,43
"background",330,330,82,186,-14,1436,140,80
"background",331,331,73,178,-17,2522,236,166
"background",332,332,106,194,20,2947,282,161
"background",333,333,33,160,-67,3231,311,183
"background",334,334,118,211,39,1725,187,84
"background",335,335,117,216,24,783,84,39
"background",336,336,89,209,-19,573,56,39
"background",337,337,79,180,-9,2342,218,159
"background",338,338,124,221,27,1612,160,81
"background",339,339,79,178,-12,1702,170,90
"background",340,340,105,207,4,918,90,53
"background",341,341,130,231,36,995,118,56
"background",342,342,155,243,77,1191,145,76
"background",343,343,87,198,-9,1091,105,73
"background",344,344,119,221,30,1574,178,79
"background",345,345,119,222,29,1461,178,76
"background",346,346,74,174,-14,1285,128,72
"background",347,347,85,181,-4,2922,293,142
"background",348,348,79,177,-11,1990,201,105
"background",349,349,121,223,20,4321,438,284
"background",350,350,86,190,-7,3760,376,244
"background",351,351,154,241,73,1145,132,71
"background",352,352,110,217,18,2474,280,136
"background",353,353,78,192,-18,1100,106,75
"background",354,354,52,176,-52,1236,114,76
"background",355,355,110,218,17,2164,248,126
"background",356,356,123,222,24,1338,143,65
"background",357,357,121,221,23,1229,130,60
"background",358,358,92,191,2,973,96,51
"background",359,359,107,206,8,839,78,58
"background",360,360,76,202,-32,830,83,56
"background",361,361,128,229,36,1189,144,63
"background",362,362,120,220,32,1038,103,65
"background",363,363,154,241,71,1214,139,74
"background",364,364,142,241,47,1467,151,96
"background",365,365,124,226,33,1368,134,81
"background",366,366,110,206,18,747,78,51
"background",367,367,86,187,-9,847,82,59
"background",368,368,95,206,-9,819,88,48
"background",369,369,111,211,13,806,77,54
"background",370,370,145,244,49,1344,137,89
"background",371,371,98,199,2,864,91,51
"background",372,372,147,241,58,1233,125,81
"background",373,373,137,228,52,884,87,58
"background",374,374,82,195,-15,1347,138,84
"background",375,375,112,212,12,710,73,43
"background",376,376,119,220,18,609,68,37
"background",377,377,113,204,35,1638,192,77
"background",378,378,134,236,38,1456,151,95
"background",379,379,115,220,21,2251,227,141
"background",380,380,122,217,30,1325,139,63
"background",381,381,84,174,-2,1282,127,81
"background",382,382,87,208,-21,676,63,44
"background",383,383,119,206,27,3257,320,212
"background",384,384,110,219,14,1643,161,106
"background",385,385,124,230,27,1320,129,89
"background",386,386,103,189,17,875,86,59
"background",387,387,117,225,22,1771,193,111
"background",388,388,136,238,38,940,107,55
"background",389,389,102,223,-7,1044,105,60
"background",390,390,123,217,38,1987,195,111
"background",391,391,127,233,30,1567,169,82
"background",392,392,151,241,67,1208,132,70
"background",393,393,51,171,-46,1600,152,103
"background",394,394,105,212,10,2344,244,154
"background",395,395,100,218,-8,627,61,40
"background",396,396,99,193,5,1157,118,71
"background",397,397,133,227,48,1125,114,65
"background",398,398,106,207,6,605,65,32
"background",399,399,152,241,69,1522,180,100
"background",400,400,145,240,56,1302,135,84
"background",401,401,145,241,51,1629,173,105
"background",402,402,61,176,-38,2149,215,112
"background",403,403,152,240,74,1224,148,76
"background",404,404,36,158,-59,2452,235,152
"background",405,405,84,197,-13,1149,116,73
"background",406,406,117,203,28,2988,292,168
"background",407,407,86,198,-10,1178,121,73
"background",408,408,142,244,46,1568,162,98
"background",409,409,93,196,-4,1055,110,65
"background",410,410,116,212,24,1242,132,59
"background",411,411,88,195,-7,1148,109,80
"background",412,412,110,208,15,5538,580,350
"background",413,413,33,159,-67,3543,342,199
"background",414,414,87,198,-10,1127,113,72
"background",415,415,125,222,36,2847,306,170
"background",416,416,109,208,14,1641,167,80
"background",417,417,123,218,39,1286,127,77
"background",418,418,111,210,10,731,69,47
"background",419,419,154,242,74,1201,140,78
"background",420,420,99,193,8,1049,110,67
"background",421,421,92,194,-5,1083,114,68
"background",422,422,120,223,28,1443,143,85
"background",423,423,152,240,70,1369,159,90
"background",424,424,120,225,25,1741,172,110
"background",425,425,108,219,6,3798,384,240
"background",426,426,126,217,43,2210,219,131
"background",427,427,125,226,36,1455,162,75
"background",428,428,142,241,47,1474,151,97
"background",429,429,78,184,-13,1519,142,103
"background",430,430,67,173,-23,2690,252,176
"background",431,431,94,204,0,2519,269,162
"background",432,432,74,180,-18,3146,306,203
"background",433,433,154,241,72,1224,139,77
"background",434,434,134,236,42,2335,277,119
"background",435,435,117,211,21,3392,332,219
"background",436,436,99,197,4,927,95,57
"background",437,437,151,239,78,1604,186,92
"background",438,438,49,175,-53,3307,322,188
"background",439,439,155,242,83,1581,185,91
"background",440,440,60,183,-40,1246,119,82
"background",441,441,86,211,-23,764,76,52
"background",442,442,68,177,-24,2980,291,190
"background",443,443,41,147,-45,2079,209,107
"background",444,444,115,219,22,1664,170,92
"background",445,445,145,239,57,1347,142,84
"background",446,446,108,209,21,1485,148,83
"background",447,447,108,202,12,1465,151,86
"background",448,448,126,231,33,1743,208,96
"background",449,449,96,210,-6,855,86,55
"background",450,450,83,196,-19,797,81,48
"background",451,451,98,194,6,1086,117,70
"background",452,452,108,210,6,959,97,53
"background",453,453,66,172,-24,2389,220,157
"background",454,454,93,195,1,1277,126,88
"background",455,455,87,195,-14,1019,99,68
"background",456,456,90,190,-4,1071,111,62
"background",457,457,119,222,27,1462,181,75
"background",458,458,144,236,59,2169,255,131
"background",459,459,97,206,-3,896,93,56
"background",460,460,66,170,-27,1800,176,94
"background",461,461,76,195,-23,1231,123,78
"background",462,462,138,238,43,1253,130,84
"background",463,463,99,200,4,949,99,58
"background",464,464,102,192,11,749,76,50
"background",465,465,89,187,-4,1271,135,83
"background",466,466,104,211,13,2667,309,148
"background",467,467,135,234,40,1892,197,119
"background",468,468,68,190,-31,1344,133,85
"background",469,469,112,212,10,765,76,46
"background",470,470,121,213,33,857,95,55
"background",471,471,137,243,42,1138,131,61
"background",472,472,123,225,34,1433,163,73
"background",473,473,85,183,-6,1487,150,85
"background",474,474,100,189,10,1107,110,65
"background",475,475,109,218,14,2118,228,132
"background",476,476,112,211,11,697,66,43
"background",477,477,140,236,51,1532,172,90
"background",478,478,90,207,-13,4379,438,268
"background",479,479,121,228,26,1617,177,100
"background",480,480,92,214,-18,752,73,45
"background",481,481,151,239,69,1328,152,88
"background",482,482,47,152,-40,2305,223,118
"background",483,483,88,201,-14,918,94,59
"background",484,484,130,236,33,1592,169,85
"background",485,485,118,224,15,4245,440,275
"background",486,486,142,241,47,1156,122,76
"background",487,487,112,200,22,3691,374,214
"background",488,488,153,241,73,1659,189,101
"background",489,489,109,211,20,1165,115,70
"background",490,490,69,184,-31,902,88,66
"background",491,491,112,200,21,2008,199,105
"background",492,492,82,192,-8,2298,239,135
"background",493,493,123,226,32,1262,154,66
"background",494,494,115,222,22,2160,237,119
"background",495,495,101,192,11,2955,295,158
"background",496,496,130,229,39,2650,281,152
"background",497,497,149,238,66,1525,180,100
"background",498,498,112,221,16,1988,206,121
"background",499,499,135,236,42,1056,128,55
"background",500,500,124,220,21,1424,139,81
"background",501,501,84,197,-13,1193,121,75
"background",502,502,88,198,-13,803,80,54
"background",503,503,137,237,43,1441,151,87
"background",504,504,100,191,9,1150,116,70
"background",505,505,91,204,-9,924,93,60
"background",506,506,96,190,9,2506,239,175
"background",507,507,105,199,11,1598,167,95
"background",508,508,125,211,51,1368,155,66
"background",509,509,118,204,28,3095,308,179
"background",510,510,42,164,-57,2545,247,137
"background",511,511,148,237,65,1481,172,95
"background",512,512,146,239,58,1368,142,89
"background",513,513,126,224,38,974,96,62
"background",514,514,127,233,30,1479,161,76
"background",515,515,129,220,49,1090,127,51
"background",516,516,133,234,37,1691,168,108
"background",517,517,58,161,-30,2377,236,122
"background",518,518,73,180,-18,1639,151,111
"background",519,519,58,176,-42,3094,307,166
"background",520,520,116,206,32,1025,113,66
"background",521,521,45,172,-57,1671,159,104
"background",522,522,52,175,-50,3394,331,189
"background",523,523,65,180,-35,1920,193,100
"background",524,524,116,216,16,684,69,46
"background",525,525,123,229,27,1642,178,98
"background",526,526,121,221,23,1195,126,59
"background",527,527,126,228,35,1162,124,70
"background",528,528,142,240,48,1555,159,92
"background",529,529,86,182,-4,2644,259,130
"background",530,530,76,181,-15,2593,245,170
"background",531,531,135,230,48,895,93,56
"background",532,532,134,238,39,1617,172,95
"background",533,533,119,227,23,1337,131,88
"background",534,534,105,211,13,1992,203,109
"background",535,535,117,204,26,3269,319,213
"background",536,536,121,219,26,1369,145,66
"background",537,537,147,241,56,1919,217,121
"background",538,538,148,239,63,1232,138,74
"background",539,539,99,193,7,2292,229,115
"background",540,540,129,228,43,1138,128,61
"background",541,541,92,201,1,1639,169,107
"background",542,542,72,194,-33,757,77,53
"background",543,543,108,217,12,1591,153,110
"background",544,544,135,240,38,1531,171,81
"background",545,545,85,181,-1,2476,233,173
"background",546,546,118,215,24,1624,165,78
"background",547,547,118,203,29,2891,277,166
"background",548,548,123,228,29,1985,219,111
"background",549,549,139,239,44,1213,125,81
"background",550,550,159,246,87,1164,138,67
"background",551,551,87,183,-5,1207,126,80
"background",552,552,118,218,18,668,67,45
"background",553,553,73,198,-33,966,95,63
"background",554,554,78,166,-3,1491,147,99
"background",555,555,50,163,-46,2243,219,118
"background",556,556,66,171,-26,3109,311,161
"background",557,557,117,216,19,3989,390,265
"background",558,558,111,211,10,618,65,33
"background",559,559,67,187,-35,3659,362,204
"background",560,560,84,190,-13,777,79,47
"background",561,561,128,229,36,1178,141,63
"background",562,562,122,223,21,4358,440,286
"background",563,563,148,237,67,1432,166,95
"background",564,564,145,241,51,1533,158,98
"background",565,565,40,161,-55,1747,163,113
"background",566,566,69,169,-19,2738,277,133
"background",567,567,140,241,43,730,81,42
"background",568,568,100,195,8,2692,282,128
"background",569,569,61,188,-45,2036,199,118
"background",570,570,112,201,20,1868,187,99
"background",571,571,65,183,-36,846,82,58
"background",572,572,136,227,51,947,96,60
"background",573,573,114,223,10,5484,594,368
"background",574,574,147,237,64,1224,136,73
"background",575,575,73,178,-23,1885,185,101
"background",576,576,57,165,-37,2118,205,112
"background",577,577,39,150,-49,2398,217,158
"background",578,578,116,218,26,1665,166,92
"background",579,579,93,213,-10,993,102,62
"background",580,580,109,212,20,1050,107,64
"background",581,581,52,171,-48,1908,185,104
"background",582,582,80,186,-16,771,76,50
"background",583,583,113,216,23,1114,113,67
"background",584,584,75,180,-21,2635,271,136
"background",585,585,156,243,79,1656,194,103
"background",586,586,131,233,35,1100,134,58
"background",587,587,101,199,8,787,84,50
"background",588,588,107,212,4,738,77,43
"background",589,589,81,198,-24,596,64,38
"background",590,590,83,192,-13,2401,243,152
"background",591,591,110,198,19,3706,373,210
"background",592,592,59,173,-40,2313,231,120
"background",593,593,57,182,-46,3170,314,185
"background",594,594,118,222,26,1332,155,77
"background",595,595,118,226,15,4687,498,306
"background",596,596,97,190,6,1281,131,81
"background",597,597,154,241,73,1189,135,75
"background",598,598,129,225,45,1024,120,49
"background",599,599,78,177,-8,952,100,56
"background",600,600,118,226,21,1338,130,94
"background",601,601,121,227,18,4373,462,278
"background",602,602,100,202,1,882,92,53
"background",603,603,95,220,-17,512,57,33
"background",604,604,142,243,50,2160,266,119
"background",605,605,153,241,75,1315,159,83
"background",606,606,149,242,60,2041,238,127
"background",607,607,130,236,35,1430,171,73
"background",608,608,96,216,-14,493,57,30
"background",609,609,127,220,42,2129,207,122
"background",610,610,88,191,-5,3592,357,234
"background",611,611,55,170,-38,2286,222,144
"background",612,612,110,217,15,1976,198,125
"background",613,613,58,162,-30,2147,197,146
"background",614,614,89,198,-12,953,93,63
"background",615,615,158,245,85,1616,189,96
"background",616,616,120,221,34,1225,154,61
"background",617,617,126,220,32,1387,143,67
"background",618,618,49,174,-53,1199,110,78
"background",619,619,126,225,38,1217,123,74
"background",620,620,98,189,12,2315,221,161
"background",621,621,50,177,-54,1402,131,89
"background",622,622,84,188,-12,794,78,55
"background",623,623,141,237,51,1436,152,88
"background",624,624,164,249,93,1004,116,61
"background",625,625,100,215,-4,4210,424,259
"background",626,626,113,211,15,593,61,31
"background",627,627,48,171,-53,1171,107,77
"background",628,628,65,178,-34,980,93,72
"background",629,629,84,200,-16,3260,328,197
"background",630,630,44,154,-48,2332,224,121
"background",631,631,96,197,1,1015,104,67
"background",632,632,113,215,23,1684,168,93
"background",633,633,141,240,47,1493,154,89
"background",634,634,74,175,-13,1177,119,61
"background",635,635,123,226,27,1976,206,130
"background",636,636,152,242,67,1919,229,113
"background",637,637,92,184,4,3718,364,198
"background",638,638,148,237,65,1315,148,79
"background",639,639,154,242,78,1659,195,102
"background",640,640,160,247,88,1307,140,85
"background",641,641,146,235,74,1774,203,102
"background",642,642,153,241,75,1768,208,107
"background",643,643,116,214,30,1414,138,83
"background",644,644,106,209,16,1798,196,97
"background",645,645,90,189,-4,1287,136,82
"background",646,646,140,238,45,1679,170,105
"background",647,647,34,158,-63,2589,249,157
"background",648,648,84,179,-5,2674,267,137
"background",649,649,98,194,9,1155,124,72
"background",650,650,94,210,-12,806,82,50
"background",651,651,80,177,-9,4219,418,222
"background",652,652,133,230,42,1958,215,107
"background",653,653,85,188,-11,814,79,56
"background",654,654,88,186,0,1686,162,117
"background",655,655,72,181,-20,1534,141,103
"background",656,656,86,197,-16,543,58,33
"background",657,657,78,190,-22,750,75,52
"background",658,658,124,219,38,2045,200,113
"background",659,659,128,223,41,1934,189,107
"background",660,660,115,202,25,2324,227,133
"background",661,661,76,176,-8,1076,117,61
"background",662,662,54,172,-46,1024,96,75
"background",663,663,130,221,45,2052,201,121
"background",664,664,96,197,2,1110,114,77
"background",665,665,90,188,-3,1469,147,80
"background",666,666,59,163,-28,2038,188,140
"background",667,667,125,231,30,1597,173,97
"background",668,668,105,197,13,1894,195,102
"background",669,669,133,235,41,2342,279,119
"background",670,670,127,212,38,1931,192,105
"background",671,671,77,187,-17,2448,246,154
"background",672,672,156,243,76,1267,150,84
"background",673,673,129,233,34,1787,191,102
"background",674,674,134,237,41,1847,227,101
"background",675,675,144,234,60,1175,133,72
"background",676,676,71,172,-16,1014,98,58
"background",677,677,98,194,6,1015,107,65
"background",678,678,128,219,44,1441,157,88
"background",679,679,153,241,72,1243,142,80
"background",680,680,118,225,22,1932,202,126
"background",681,681,65,175,-26,2090,196,136
"background",682,682,127,220,27,1297,146,73
"background",683,683,152,242,67,1268,135,82
"background",684,684,142,240,48,1392,145,86
"background",685,685,135,230,48,983,101,60
"background",686,686,101,194,9,4130,412,239
"background",687,687,113,219,22,2420,286,136
"background",688,688,52,173,-46,3421,337,205
"background",689,689,50,161,-45,3051,302,157
"background",690,690,96,205,-5,902,93,55
"background",691,691,109,208,11,573,63,31
"background",692,692,145,247,49,1370,144,83
"background",693,693,110,210,11,598,64,32
"background",694,694,113,212,13,584,59,32
"background",695,695,145,242,50,1436,151,92
"background",696,696,133,231,42,2452,261,142
"background",697,697,99,197,8,2934,282,198
"background",698,698,138,233,50,1608,180,92
"background",699,699,70,189,-33,2648,265,141
"background",700,700,143,245,47,1589,163,104
"background",701,701,70,187,-32,856,85,63
"background",702,702,52,166,-41,1642,151,110
"background",703,703,87,193,-9,1154,116,76
"background",704,704,153,241,71,1366,159,87
"background",705,705,123,225,32,1240,141,71
"background",706,706,142,241,48,1154,119,76
"background",707,707,128,232,37,910,104,49
"background",708,708,118,214,33,1429,141,84
"background",709,709,57,171,-41,3191,319,167
"background",710,710,80,201,-27,631,66,42
"background",711,711,90,192,-6,3470,351,192
"background",712,712,86,185,-3,1667,159,115
"background",713,713,67,172,-22,1915,176,129
"background",714,714,100,197,5,1005,105,61
"background",715,715,37,163,-62,2324,223,141
"background",716,716,152,244,66,1357,144,90
"background",717,717,90,179,3,1223,122,75
"background",718,718,68,168,-22,2680,270,136
"background",719,719,163,248,91,1017,118,61
"background",720,720,154,241,75,1352,163,85
"background",721,721,36,158,-63,2895,281,155
"background",722,722,76,176,-12,1116,109,65
"background",723,723,62,177,-37,989,94,73
"background",724,724,83,192,-7,1868,197,115
"background",725,725,101,211,6,2267,239,141
"background",726,726,130,229,43,893,105,47
"background",727,727,35,141,-49,1972,210,101
"background",728,728,116,200,30,2525,236,144
"background",729,729,112,220,16,1945,199,131
"background",730,730,125,207,39,2196,208,127
"background",731,731,114,213,13,681,69,43
"background",732,732,113,223,9,5467,588,361
"background",733,733,146,242,55,1195,123,77
"background",734,734,133,238,36,1295,128,94
"background",735,735,75,179,-14,2568,239,170
"background",736,736,109,214,19,1708,181,96
"background",737,737,126,231,31,1602,173,97
"background",738,738,136,241,38,1282,140,66
"background",739,739,78,199,-28,758,70,52
"background",740,740,110,217,14,1746,183,99
"background",741,741,129,234,33,1643,165,115
"background",742,742,135,240,38,1463,149,78
"background",743,743,91,198,1,1408,141,83
"background",744,744,118,224,24,1426,140,87
"background",745,745,127,231,32,1603,165,99
"background",746,746,86,184,-3,1763,167,122
"background",747,747,82,191,-15,1153,114,77
"background",748,748,102,203,4,745,78,42
"background",749,749,122,217,24,3889,379,264
"background",750,750,122,220,34,1060,103,67
"background",751,751,96,216,-11,1486,151,83
"background",752,752,47,173,-56,2648,256,150
"background",753,753,93,190,1,1167,115,65
"background",754,754,52,162,-42,2904,287,150
"background",755,755,135,223,50,1246,134,78
"background",756,756,118,226,15,4322,454,282
"background",757,757,127,218,43,1879,191,111
"background",758,758,99,205,-2,797,80,51
"background",759,759,82,191,-18,1417,147,76
"background",760,760,110,208,14,698,70,48
"background",761,761,89,209,-18,602,60,41
"background",762,762,111,199,20,3810,376,233
"background",763,763,126,212,50,1361,154,65
"background",764,764,95,208,-8,855,88,55
"background",765,765,154,242,71,1391,166,91
"background",766,766,147,243,55,1233,134,77
"background",767,767,100,210,5,1868,183,127
"background",768,768,129,231,34,1221,149,61
"background",769,769,71,171,-17,2757,283,133
"background",770,770,101,223,-3,820,85,51
"background",771,771,128,225,41,974,94,63
"background",772,772,95,192,2,1205,120,69
"background",773,773,79,183,-12,3099,298,203
"background",774,774,101,200,3,987,93,67
"background",775,775,97,207,2,2281,236,148
"background",776,776,116,224,21,1716,195,95
"background",777,777,100,202,1,538,61,33
"background",778,778,137,238,46,2168,261,109
"background",779,779,142,243,46,1548,157,107
"background",780,780,116,223,21,1596,151,100
"background",781,781,145,245,53,2089,257,114
"background",782,782,146,240,57,2157,247,138
"background",783,783,111,210,17,1260,132,60
"background",784,784,60,174,-34,2774,273,174
"background",785,785,145,234,70,1981,226,120
"background",786,786,85,193,-9,1105,104,75
"background",787,787,151,240,67,1313,142,73
"background",788,788,127,230,31,2168,229,144
"background",789,789,91,189,3,2596,246,178
"background",790,790,83,183,-6,2442,229,166
"background",791,791,95,208,-9,408,48,24
"background",792,792,166,247,96,1044,121,63
"background",793,793,67,189,-36,4409,438,259
"background",794,794,152,240,76,1790,213,104
"background",795,795,28,153,-69,1985,185,125
"background",796,796,132,236,35,1156,131,64
"background",797,797,99,209,-5,534,59,30
"background",798,798,92,179,7,1296,130,81
"background",799,799,74,185,-16,2704,285,158
"background",800,800,162,248,89,1238,139,80
"background",801,801,93,193,-3,670,69,45
"background",802,802,56,168,-35,2437,232,156
"background",803,803,115,222,19,1600,161,114
"background",804,804,133,223,48,1137,121,70
"background",805,805,60,175,-34,2328,229,145
"background",806,806,118,226,14,4427,471,282
"background",807,807,155,243,77,1727,203,104
"background",808,808,84,193,-15,605,63,37
"background",809,809,105,212,13,1968,201,109
"background",810,810,59,184,-44,3573,350,204
"background",811,811,66,179,-29,2170,215,136
"background",812,812,91,202,-12,901,87,55
"background",813,813,151,240,67,1295,140,72
"background",814,814,153,241,70,1381,164,91
"background",815,815,98,196,8,935,95,48
"background",816,816,122,227,29,1975,233,115
"background",817,817,63,179,-37,940,91,69
"background",818,818,139,236,48,1575,174,92
"background",819,819,122,205,34,2549,239,146
"background",820,820,58,182,-46,1138,105,70
"background",821,821,113,209,28,2365,238,128
"background",822,822,110,207,13,606,64,33
"background",823,823,136,227,64,2045,237,114
"background",824,824,57,174,-42,2703,269,141
"background",825,825,68,182,-28,3408,338,211
"background",826,826,58,176,-42,2203,218,116
"background",827,827,54,167,-43,1978,192,106
"background",828,828,95,189,5,2001,203,106
"background",829,829,76,175,-10,967,100,56
"background",830,830,46,174,-57,2785,271,161
"background",831,831,113,212,12,586,61,32
"background",832,832,127,219,42,2010,198,115
"background",833,833,61,165,-26,2089,192,143
"background",834,834,58,179,-44,967,93,71
"background",835,835,72,186,-29,1251,122,73
"background",836,836,119,204,28,3073,293,188
"background",837,837,49,174,-52,2525,247,150
"background",838,838,102,212,7,1740,167,118
"background",839,839,56,165,-38,2809,278,145
"background",840,840,118,216,30,1697,167,94
"background",841,841,100,210,5,1783,172,119
"background",842,842,98,191,7,1239,126,77
"background",843,843,69,185,-33,823,81,60
"background",844,844,139,235,48,2423,266,148
"background",845,845,97,207,3,2370,251,149
"background",846,846,61,164,-22,5727,622,286
"background",847,847,119,218,31,1110,108,68
"background",848,848,162,249,90,1254,136,81
"background",849,849,129,226,40,1839,183,95
"background",850,850,109,218,12,1562,149,109
"background",851,851,41,168,-61,2955,286,168
"background",852,852,75,179,-19,3070,311,160
"background",853,853,104,199,12,1091,115,66
"background",854,854,98,189,12,2280,218,159
"background",855,855,100,194,7,990,103,61
"background",856,856,112,201,20,2899,297,170
"background",857,857,73,200,-33,1018,100,64
"background",858,858,42,164,-57,3526,344,193
"background",859,859,119,222,30,1240,160,59
"background",860,860,129,229,40,1197,121,74
"background",861,861,82,182,-8,1387,138,72
"background",862,862,115,213,14,641,61,38
"background",863,863,141,246,46,1150,140,60
"background",864,864,160,247,87,1475,155,96
"background",865,865,38,155,-57,3489,342,183
"background",866,866,125,211,35,1984,199,106
"background",867,867,131,237,36,1436,176,71
"background",868,868,153,241,75,1422,171,87
"background",869,869,75,183,-18,1802,170,117
"background",870,870,139,241,41,955,109,55
"background",871,871,124,215,39,860,96,51
"background",872,872,125,218,40,1941,193,110
"background",873,873,63,166,-24,2302,210,157
"background",874,874,86,199,-17,552,60,33
"background",875,875,40,167,-62,2979,288,170
"background",876,876,131,221,36,1783,193,93
"background",877,877,100,217,-8,578,58,39
"background",878,878,120,213,32,866,94,56
"background",879,879,69,191,-33,4034,403,238
"background",880,880,105,212,12,1980,202,111
"background",881,881,123,228,27,1549,154,96
"background",882,882,34,154,-63,3492,340,186
"background",883,883,91,189,2,888,86,49
"background",884,884,114,214,14,694,70,47
"background",885,885,58,160,-30,1549,151,83
"background",886,886,100,190,9,1180,119,72
"background",887,887,119,222,28,1294,160,67
"background",888,888,77,194,-26,697,72,49
"background",889,889,126,227,31,2246,230,142
"background",890,890,107,216,13,2133,232,133
"background",891,891,110,209,9,741,71,49
"background",892,892,156,243,83,1692,186,108
"background",893,893,94,188,7,1807,173,126
"background",894,894,70,171,-17,2265,208,155
"background",895,895,104,207,18,1963,218,99
"background",896,896,81,173,-5,1320,130,85
"background",897,897,98,199,2,938,96,58
"background",898,898,101,196,6,1590,163,92
"background",899,899,113,224,9,4766,502,307
"background",900,900,87,185,-6,1794,185,93
"background",901,901,112,199,22,2741,272,155
"background",902,902,126,215,48,1539,176,71
"background",903,903,64,179,-36,913,88,67
"background",904,904,86,194,-15,1096,109,67
"background",905,905,131,229,43,1151,117,73
"background",906,906,109,208,11,904,84,63
"background",907,907,135,225,52,1749,176,109
"background",908,908,45,155,-43,2228,201,148
"background",909,909,95,199,10,2111,238,105
"background",910,910,106,195,18,2541,247,135
"background",911,911,143,233,66,1796,217,104
"background",912,912,149,240,64,1281,140,82
"background",913,913,116,218,28,1778,197,89
"background",914,914,46,159,-45,2038,187,134
"background",915,915,90,187,-2,1551,157,90
"background",916,916,128,228,37,2147,232,115
"background",917,917,51,165,-42,2545,245,161
"background",918,918,128,230,34,1118,134,59
"background",919,919,160,247,88,1174,140,67
"background",920,920,103,213,7,1800,175,124
"background",921,921,124,224,35,1479,155,86
"background",922,922,161,246,91,1002,119,60
"background",923,923,102,203,4,617,66,35
"background",924,924,95,199,-1,4633,474,299
"background",925,925,143,239,52,1351,141,86
"background",926,926,83,205,-21,885,87,59
"background",927,927,89,206,-13,875,87,58
"background",928,928,93,186,7,2227,212,157
"background",929,929,41,167,-61,3537,343,201
"background",930,930,73,171,-16,2896,290,148
"background",931,931,160,247,88,1231,144,72
"background",932,932,97,210,-7,839,92,48
"background",933,933,98,190,8,932,95,62
"background",934,934,143,240,49,1496,152,94
"background",935,935,122,221,24,1512,162,72
"background",936,936,128,218,44,1395,150,85
"background",937,937,122,226,27,1786,184,107
"background",938,938,85,195,-6,2180,225,128
"background",939,939,135,240,40,1279,147,68
"background",940,940,99,191,7,1068,111,62
"background",941,941,109,206,16,674,70,46
"background",942,942,71,191,-32,2458,246,131
"background",943,943,70,192,-35,811,81,58
"background",944,944,75,178,-19,3254,328,171
"background",945,945,127,227,36,1423,140,81
"background",946,946,80,182,-11,1250,124,86
"background",947,947,90,198,-1,1727,176,107
"background",948,948,115,222,19,1514,149,108
"background",949,949,123,222,38,1221,153,58
"background",950,950,133,230,46,1063,109,66
"background",951,951,102,226,-12,462,53,29
"background",952,952,112,211,12,618,64,33
"background",953,953,127,230,33,1176,141,61
"background",954,954,109,212,20,1103,112,67
"background",955,955,135,236,40,1455,149,93
"background",956,956,124,231,29,1499,173,80
"background",957,957,125,221,38,1350,130,80
"background",958,958,122,218,37,1318,128,79
"background",959,959,134,237,37,1013,118,53
"background",960,960,138,238,43,1416,141,91
"background",961,961,110,215,16,1454,154,92
"background",962,962,142,247,46,1065,126,56
"background",963,963,130,232,36,891,101,55
"background",964,964,69,169,-20,1892,188,101
"background",965,965,115,213,15,642,62,37
"background",966,966,113,200,25,2307,223,127
"background",967,967,111,222,7,5181,556,344
"background",968,968,97,199,2,938,95,59
"background",969,969,133,222,48,1205,128,75
"background",970,970,66,174,-25,1569,145,108
"background",971,971,117,221,28,1360,160,69
"background",972,972,103,201,6,3430,342,204
"background",973,973,115,218,23,1699,171,94
"background",974,974,140,230,65,2052,243,114
"background",975,975,98,222,-13,589,62,41
"background",976,976,102,200,5,679,72,38
"background",977,977,138,239,44,1305,135,83
"background",978,978,138,240,42,1662,172,104
"background",979,979,149,240,64,1333,139,87
"background",980,980,77,188,-19,1127,106,77
"background",981,981,55,181,-46,2010,197,120
"background",982,982,71,197,-36,1087,104,70
"background",983,983,76,186,-22,3312,333,180
"background",984,984,140,242,44,1584,162,105
"background",985,985,124,221,23,1554,152,86
"background",986,986,129,230,35,2217,223,139
"background",987,987,96,204,-2,4212,425,269
"background",988,988,135,236,40,1404,146,91
"background",989,989,92,199,1,1591,160,90
"background",990,990,91,197,-7,1052,108,67
"background",991,991,83,206,-24,663,69,44
"background",992,992,129,232,34,1210,149,61
"background",993,993,64,166,-24,1297,128,71
"background",994,994,118,219,18,680,82,40
"background",995,995,133,239,38,1189,130,68
"background",996,996,87,186,-2,2672,252,181
"background",997,997,67,171,-21,2243,205,152
"background",998,998,141,238,49,1480,158,89
"background",999,999,46,171,-56,1301,120,84
"background",1000,1000,81,207,-27,858,86,54
