"species","x","y","bio01nz","bio05nz","bio06nz","bio12nz","bio13nz","bio14nz"
"species",1,1,93,212,-13,3797,382,228
"species",2,2,81,179,-10,1490,149,85
"species",3,3,121,214,24,1896,208,95
"species",4,4,80,203,-25,3586,362,208
"species",5,5,84,185,-11,2997,305,158
"species",6,6,120,207,28,3236,318,211
"species",7,7,91,210,-14,749,77,49
"species",8,8,67,168,-22,2069,207,106
"species",9,9,82,204,-24,3457,352,202
"species",10,10,77,176,-14,2368,242,115
"species",11,11,92,187,1,1117,116,73
"species",12,12,99,190,8,1078,111,62
"species",13,13,87,182,-3,2335,236,121
"species",14,14,116,200,29,2750,259,155
"species",15,15,93,187,3,2743,276,144
"species",16,16,78,176,-11,2602,264,133
"species",17,17,96,182,10,1188,119,72
"species",18,18,94,181,7,1187,119,72
"species",19,19,118,206,28,2242,220,116
"species",20,20,113,202,22,2421,235,123
"species",21,21,109,198,19,4081,407,235
"species",22,22,118,206,29,2319,226,120
"species",23,23,117,202,28,2975,285,169
"species",24,24,104,208,1,1037,106,55
"species",25,25,99,188,9,1097,111,64
"species",26,26,88,185,-3,1623,164,94
"species",27,27,100,191,9,1105,116,70
"species",28,28,104,208,3,666,69,36
"species",29,29,100,200,3,1018,99,68
"species",30,30,111,218,8,4054,404,262
"species",31,31,88,189,-8,912,92,63
"species",32,32,89,202,-15,813,85,50
"species",33,33,93,188,2,2289,233,121
"species",34,34,89,185,-3,1347,142,88
"species",35,35,100,197,6,2116,224,102
"species",36,36,104,198,20,997,109,60
"species",37,37,114,205,30,1119,120,74
"species",38,38,87,185,-4,2359,250,112
"species",39,39,127,217,35,2481,246,127
"species",40,40,69,183,-27,1258,118,86
"species",41,41,111,203,28,1088,117,71
"species",42,42,101,196,17,1002,109,61
"species",43,43,125,223,31,1109,115,57
"species",44,44,110,222,5,4351,449,275
"species",45,45,81,180,-7,1163,122,69
"species",46,46,86,201,-13,2252,228,136
"species",47,47,95,213,-11,3924,396,235
"species",48,48,119,227,16,4845,520,320
"species",49,49,74,197,-28,1261,127,77
"species",50,50,111,219,8,4316,439,284
"species",51,51,118,212,22,3470,340,225
"species",52,52,79,204,-28,2002,200,113
"species",53,53,96,192,3,2206,230,106
"species",54,54,108,197,19,2280,224,119
"species",55,55,63,180,-34,2180,216,134
"species",56,56,83,199,-16,2058,208,123
"species",57,57,64,187,-37,2443,243,144
"species",58,58,98,195,6,1221,126,83
"species",59,59,119,227,16,5038,544,334
"species",60,60,79,178,-12,1689,172,87
"species",61,61,104,204,10,1358,139,66
"species",62,62,89,195,-11,1086,104,75
"species",63,63,94,192,-1,830,82,58
"species",64,64,98,203,-2,846,86,53
"species",65,65,96,197,1,1110,115,70
"species",66,66,85,191,-13,1115,108,72
"species",67,67,102,206,1,677,70,37
"species",68,68,94,195,-2,1035,106,65
"species",69,69,92,197,-5,1097,112,70
"species",70,70,118,214,27,1384,145,67
"species",71,71,117,216,18,1652,167,84
"species",72,72,118,210,24,2731,283,133
"species",73,73,129,224,35,1698,179,81
"species",74,74,73,178,-22,2241,223,118
