"species","x","y","bio01nz","bio05nz","bio06nz","bio12nz","bio13nz","bio14nz"
"background",1,1,93,215,-15,658,66,37
"background",2,2,122,226,20,4526,474,290
"background",3,3,116,222,19,1638,172,92
"background",4,4,79,178,-11,1499,151,83
"background",5,5,62,181,-39,3314,328,181
"background",6,6,122,227,28,2052,229,114
"background",7,7,112,215,22,1209,120,70
"background",8,8,140,243,45,1465,156,86
"background",9,9,122,222,36,1197,151,58
"background",10,10,40,162,-59,1513,138,100
"background",11,11,153,242,69,1467,175,95
"background",12,12,83,201,-21,814,85,54
"background",13,13,100,194,7,1833,190,104
"background",14,14,131,220,48,1785,192,109
"background",15,15,80,188,-8,2432,254,130
"background",16,16,123,230,27,1556,170,94
"background",17,17,110,206,18,688,71,48
"background",18,18,76,182,-16,2800,270,182
"background",19,19,113,209,15,600,62,32
"background",20,20,118,225,21,1665,170,97
"background",21,21,135,239,42,1536,184,82
"background",22,22,105,214,10,1745,166,111
"background",23,23,108,201,23,1137,131,71
"background",24,24,111,211,11,731,74,45
"background",25,25,73,172,-17,1922,192,103
"background",26,26,98,201,-1,765,79,46
"background",27,27,80,191,-11,2448,259,153
"background",28,28,65,177,-32,3391,341,179
"background",29,29,86,182,-5,2737,277,144
"background",30,30,73,173,-16,1255,128,71
"background",31,31,93,187,7,2263,215,160
"background",32,32,120,219,35,1237,152,59
"background",33,33,86,183,-1,918,96,55
"background",34,34,110,203,26,3441,357,191
"background",35,35,43,171,-60,2304,221,134
"background",36,36,78,183,-13,2219,207,146
"background",37,37,74,173,-16,2190,220,113
"background",38,38,114,214,14,678,70,41
"background",39,39,114,222,18,1578,155,102
"background",40,40,101,195,7,1726,178,100
"background",41,41,110,212,23,1779,201,88
"background",42,42,153,243,68,1246,134,83
"background",43,43,113,209,27,2316,234,126
"background",44,44,139,239,44,1612,165,103
"background",45,45,66,166,-23,1674,164,90
"background",46,46,14,138,-80,3394,323,205
"background",47,47,69,184,-31,902,88,66
"background",48,48,111,213,12,784,98,47
"background",49,49,87,195,-12,936,92,61
"background",50,50,153,241,80,1956,227,112
"background",51,51,52,164,-39,2435,230,157
"background",52,52,105,196,14,1938,195,104
"background",53,53,82,191,-8,1949,208,118
"background",54,54,55,162,-37,3109,309,159
"background",55,55,100,194,7,4109,421,232
"background",56,56,125,231,28,1553,169,82
"background",57,57,145,233,72,1766,202,100
"background",58,58,99,200,2,904,97,54
"background",59,59,124,206,39,2224,211,130
"background",60,60,106,214,13,2336,261,132
"background",61,61,159,246,84,1585,181,99
"background",62,62,49,172,-52,1238,115,85
"background",63,63,70,170,-19,1758,173,92
"background",64,64,83,193,-13,1012,99,66
"background",65,65,107,216,12,2114,220,143
"background",66,66,92,208,-11,836,85,55
"background",67,67,60,174,-33,2357,231,148
"background",68,68,96,216,-12,801,82,44
"background",69,69,122,224,30,1359,167,71
"background",70,70,128,234,30,1630,169,91
"background",71,71,100,193,7,1104,112,67
"background",72,72,90,196,-4,1136,109,79
"background",73,73,120,205,31,2726,267,156
"background",74,74,135,240,41,1361,163,71
"background",75,75,156,243,83,1714,198,102
"background",76,76,39,163,-62,1396,127,88
"background",77,77,63,178,-33,2073,205,129
"background",78,78,111,219,16,2061,220,130
"background",79,79,122,229,25,1621,170,90
"background",80,80,94,190,1,2067,209,105
"background",81,81,81,180,-8,1011,100,56
"background",82,82,99,197,5,931,97,56
"background",83,83,87,185,-3,1174,120,69
"background",84,84,111,207,15,589,63,33
"background",85,85,88,208,-20,527,59,33
"background",86,86,108,210,20,1728,173,94
"background",87,87,76,184,-17,3014,296,194
"background",88,88,42,164,-55,1733,163,111
"background",89,89,100,192,8,1038,109,61
"background",90,90,121,224,30,1353,166,70
"background",91,91,101,208,-2,823,86,54
"background",92,92,112,209,16,1647,166,80
"background",93,93,143,245,47,1560,160,103
"background",94,94,95,196,2,1175,119,83
"background",95,95,128,221,43,1226,123,74
"background",96,96,58,181,-45,3095,303,172
"background",97,97,66,190,-38,3277,326,190
"background",98,98,84,183,-9,1226,128,82
"background",99,99,137,239,45,1948,240,111
"background",100,100,112,200,23,2562,252,144
"background",101,101,77,186,-12,2574,270,141
"background",102,102,52,162,-42,2617,257,136
"background",103,103,97,204,-3,925,93,59
"background",104,104,127,223,39,1705,166,94
"background",105,105,125,222,37,1807,177,96
"background",106,106,93,188,1,997,102,66
"background",107,107,122,222,24,926,96,49
"background",108,108,52,168,-41,2413,235,151
"background",109,109,102,210,10,2436,278,140
"background",110,110,67,185,-30,3031,302,184
"background",111,111,97,198,3,1169,118,82
"background",112,112,116,216,19,1479,155,71
"background",113,113,142,237,53,1420,155,85
"background",114,114,128,222,39,713,84,37
"background",115,115,91,192,-1,1322,130,91
"background",116,116,114,212,14,581,58,32
"background",117,117,116,223,19,1448,141,104
"background",118,118,73,200,-33,1018,100,64
"background",119,119,151,243,63,2089,248,129
"background",120,120,105,210,2,699,73,40
"background",121,121,83,180,-6,2513,250,126
"background",122,122,54,168,-39,1956,185,126
"background",123,123,154,241,76,1401,172,81
"background",124,124,145,243,49,1392,143,92
"background",125,125,46,173,-57,2824,275,164
"background",126,126,115,213,13,577,57,34
"background",127,127,119,222,27,1290,151,75
"background",128,128,89,184,-1,2884,285,141
"background",129,129,81,180,-12,1556,158,80
"background",130,130,100,191,10,2593,258,136
"background",131,131,54,175,-47,2059,202,110
"background",132,132,139,239,44,1195,123,82
"background",133,133,122,225,30,2513,299,134
"background",134,134,111,211,11,724,74,44
"background",135,135,91,186,1,1994,203,105
"background",136,136,109,218,13,2059,213,140
"background",137,137,134,231,45,2402,260,142
"background",138,138,98,191,7,1156,122,73
"background",139,139,90,190,0,1444,141,99
"background",140,140,94,208,-11,433,50,26
"background",141,141,62,164,-26,1800,177,95
"background",142,142,58,177,-39,3450,341,209
"background",143,143,71,194,-34,1086,103,63
"background",144,144,119,211,31,879,94,57
"background",145,145,132,223,47,1160,121,71
"background",146,146,131,233,36,935,108,55
"background",147,147,135,236,40,1516,150,98
"background",148,148,152,242,68,1222,131,70
"background",149,149,92,200,-6,995,100,64
"background",150,150,71,188,-31,732,73,50
"background",151,151,50,172,-48,1623,155,103
"background",152,152,111,219,18,2259,251,126
"background",153,153,131,221,48,2032,201,123
"background",154,154,74,174,-13,998,100,58
"background",155,155,103,211,-1,786,84,45
"background",156,156,94,198,-3,1069,108,69
"background",157,157,145,245,49,1323,136,92
"background",158,158,101,198,14,918,98,48
"background",159,159,99,193,8,1090,116,69
"background",160,160,62,182,-37,1299,124,85
"background",161,161,69,170,-20,1651,162,87
"background",162,162,156,243,74,1501,185,92
"background",163,163,37,164,-65,1823,171,111
"background",164,164,49,173,-51,3458,340,204
"background",165,165,90,198,0,2380,246,129
"background",166,166,145,240,56,1270,131,81
"background",167,167,94,217,-16,525,59,34
"background",168,168,80,190,-19,1006,99,68
"background",169,169,62,186,-42,3592,355,208
"background",170,170,153,241,71,1231,140,76
"background",171,171,114,213,14,682,70,41
"background",172,172,128,228,38,1290,137,75
"background",173,173,130,229,40,1988,215,112
"background",174,174,147,243,55,1233,134,77
"background",175,175,37,144,-50,2354,232,120
"background",176,176,75,198,-31,710,73,49
"background",177,177,153,241,75,1768,208,107
"background",178,178,43,165,-57,3339,326,181
"background",179,179,105,205,8,3429,341,209
"background",180,180,127,232,31,1777,181,119
"background",181,181,77,176,-13,2218,226,114
"background",182,182,129,232,35,1178,144,60
"background",183,183,140,243,46,1390,171,72
"background",184,184,117,220,28,1465,170,74
"background",185,185,112,212,10,746,74,45
"background",186,186,95,196,-1,626,66,41
"background",187,187,133,239,36,1572,168,84
"background",188,188,85,189,-7,3213,315,210
"background",189,189,147,236,70,1859,222,108
"background",190,190,160,246,89,1088,126,65
"background",191,191,96,199,1,4831,496,310
"background",192,192,123,210,47,1197,135,58
"background",193,193,117,213,32,1987,198,110
"background",194,194,144,241,52,1472,159,92
"background",195,195,82,208,-26,691,71,47
"background",196,196,109,206,12,600,64,33
"background",197,197,149,239,66,1313,144,73
"background",198,198,128,217,43,1785,189,109
"background",199,199,112,212,12,722,73,48
"background",200,200,98,199,3,935,97,58
"background",201,201,103,212,8,2025,210,118
"background",202,202,118,216,20,1624,168,80
"background",203,203,94,201,-7,954,91,62
"background",204,204,139,237,44,1827,186,114
"background",205,205,113,201,23,3773,371,224
"background",206,206,50,177,-54,1402,131,89
"background",207,207,128,232,32,1759,179,119
"background",208,208,84,187,-12,936,94,65
"background",209,209,92,186,1,1262,133,81
"background",210,210,122,226,33,1090,141,53
"background",211,211,47,152,-39,1777,178,93
"background",212,212,110,218,16,1745,168,106
"background",213,213,90,199,-2,1865,193,120
"background",214,214,101,200,7,1291,130,67
"background",215,215,89,207,-17,564,58,37
"background",216,216,143,237,56,1437,149,95
"background",217,217,118,212,22,3470,340,225
"background",218,218,129,231,34,1171,142,59
"background",219,219,121,205,31,2886,274,187
"background",220,220,120,227,23,1321,129,94
"background",221,221,119,219,31,1092,106,67
"background",222,222,77,192,-21,3513,351,215
"background",223,223,157,244,84,1499,157,96
"background",224,224,97,191,10,2560,244,179
"background",225,225,68,179,-29,2435,248,126
"background",226,226,113,202,20,3805,382,243
"background",227,227,94,201,3,1482,151,94
"background",228,228,129,231,34,1703,175,108
"background",229,229,133,227,48,932,92,59
"background",230,230,60,186,-44,2889,285,167
"background",231,231,128,229,35,1705,177,95
"background",232,232,157,244,84,1501,172,93
"background",233,233,149,239,66,1376,158,79
"background",234,234,132,234,37,1504,156,97
"background",235,235,123,215,39,1088,123,53
"background",236,236,79,189,-16,1107,105,75
"background",237,237,102,208,10,1067,109,70
"background",238,238,139,234,52,1574,163,102
"background",239,239,130,236,33,1560,166,89
"background",240,240,121,222,32,993,100,62
"background",241,241,47,167,-48,2538,247,156
"background",242,242,114,211,15,598,62,32
"background",243,243,44,149,-43,2296,223,118
"background",244,244,121,224,31,1250,154,65
"background",245,245,83,178,-5,3384,335,175
"background",246,246,98,199,2,932,95,58
"background",247,247,161,247,89,1236,145,71
"background",248,248,149,238,66,1402,162,88
"background",249,249,116,213,33,1833,194,92
"background",250,250,129,225,41,2654,287,162
"background",251,251,62,183,-37,2691,268,161
"background",252,252,91,215,-19,749,75,49
"background",253,253,111,197,25,2689,254,150
"background",254,254,131,234,36,1213,149,61
"background",255,255,123,223,33,1824,186,94
"background",256,256,73,185,-23,3169,315,199
"background",257,257,105,210,14,957,101,61
"background",258,258,146,241,52,1464,156,93
"background",259,259,134,228,48,891,89,56
"background",260,260,117,216,19,1134,117,58
"background",261,261,88,192,-5,1290,125,89
"background",262,262,134,233,43,1682,178,100
"background",263,263,134,225,51,1109,116,57
"background",264,264,146,239,59,1555,165,100
"background",265,265,96,197,-1,1021,96,68
"background",266,266,124,222,37,1031,101,66
"background",267,267,129,231,31,669,70,35
"background",268,268,102,212,7,1855,181,124
"background",269,269,118,218,21,732,96,43
"background",270,270,124,219,24,1166,124,66
"background",271,271,156,244,84,1481,171,89
"background",272,272,103,227,-8,527,59,35
"background",273,273,119,226,23,1857,192,124
"background",274,274,122,227,26,1614,161,101
"background",275,275,89,202,-10,936,93,61
"background",276,276,126,231,28,1424,157,77
"background",277,277,108,210,20,1442,144,80
"background",278,278,89,177,4,1342,134,86
"background",279,279,133,222,48,1196,127,74
"background",280,280,110,213,21,1727,173,94
"background",281,281,60,178,-41,908,87,65
"background",282,282,47,168,-50,1707,162,109
"background",283,283,83,186,-7,2628,248,174
"background",284,284,61,163,-23,1289,139,69
"background",285,285,64,182,-33,2809,279,171
"background",286,286,90,194,-7,624,65,40
"background",287,287,119,217,21,1763,177,90
"background",288,288,121,213,26,3407,334,224
"background",289,289,99,195,5,1169,121,72
"background",290,290,93,195,-5,1012,104,54
"background",291,291,125,228,29,1870,185,119
"background",292,292,161,248,89,1247,150,76
"background",293,293,84,207,-24,1662,167,93
"background",294,294,144,235,60,2161,256,129
"background",295,295,93,189,0,1346,143,87
"background",296,296,121,224,30,1315,163,67
"background",297,297,127,230,38,1107,140,55
"background",298,298,99,209,5,2386,255,154
"background",299,299,112,221,16,1491,144,98
"background",300,300,118,226,22,1736,187,103
"background",301,301,63,189,-41,1067,102,71
"background",302,302,104,228,-8,518,58,34
"background",303,303,60,178,-36,1371,130,91
"background",304,304,161,247,90,1082,127,63
"background",305,305,108,198,18,2014,201,106
"background",306,306,76,191,-21,1418,143,89
"background",307,307,72,172,-17,2486,253,121
"background",308,308,80,182,-9,1850,173,127
"background",309,309,104,191,17,807,83,54
"background",310,310,100,190,10,780,76,53
"background",311,311,92,187,1,1117,116,73
"background",312,312,133,236,36,916,108,54
"background",313,313,74,192,-30,732,72,50
"background",314,314,100,201,3,637,68,36
"background",315,315,114,212,12,584,59,34
"background",316,316,92,192,0,1262,127,88
"background",317,317,98,199,2,864,91,51
"background",318,318,102,208,0,560,62,30
"background",319,319,56,172,-43,1050,98,77
"background",320,320,129,228,39,1460,143,81
"background",321,321,125,219,37,717,84,35
"background",322,322,137,242,40,1489,153,79
"background",323,323,139,238,44,1368,139,87
"background",324,324,151,240,71,1839,224,109
"background",325,325,99,197,8,1000,100,50
"background",326,326,113,220,17,1847,187,122
"background",327,327,151,240,69,1440,169,92
"background",328,328,94,204,0,2519,269,162
"background",329,329,84,193,-6,1954,202,117
"background",330,330,148,241,58,2047,232,131
"background",331,331,154,242,75,1266,150,83
"background",332,332,72,197,-34,2758,275,159
"background",333,333,115,221,22,2096,239,121
"background",334,334,83,181,-4,2274,213,158
"background",335,335,63,180,-38,887,85,61
"background",336,336,154,242,70,1444,171,95
"background",337,337,99,191,10,836,80,57
"background",338,338,89,187,-2,1235,121,67
"background",339,339,103,208,13,1477,150,85
"background",340,340,35,162,-66,3127,302,180
"background",341,341,72,173,-18,2506,254,128
"background",342,342,140,230,64,1811,216,106
"background",343,343,45,150,-41,2069,205,106
"background",344,344,61,186,-41,2782,276,163
"background",345,345,92,188,7,1007,110,59
"background",346,346,108,215,15,1734,171,102
"background",347,347,102,196,9,705,71,44
"background",348,348,122,223,32,1434,149,85
"background",349,349,57,176,-41,2489,246,151
"background",350,350,126,215,48,1539,176,71
"background",351,351,49,175,-54,3349,328,193
"background",352,352,148,238,65,1175,132,70
"background",353,353,119,217,21,1676,166,86
"background",354,354,116,215,28,1832,181,99
"background",355,355,128,231,32,1243,147,62
"background",356,356,126,218,29,2129,237,105
"background",357,357,123,229,27,1619,161,116
"background",358,358,33,160,-67,3231,311,183
"background",359,359,100,211,1,4302,433,272
"background",360,360,135,236,39,1725,177,114
"background",361,361,102,205,13,1691,172,91
"background",362,362,120,227,23,1461,141,105
"background",363,363,93,201,-3,1310,133,81
"background",364,364,121,225,25,1893,200,128
"background",365,365,112,205,16,1477,152,84
"background",366,366,151,240,68,1251,140,75
"background",367,367,60,183,-40,1246,119,82
"background",368,368,129,233,33,1117,129,57
"background",369,369,150,238,74,1791,211,107
"background",370,370,72,198,-36,1211,117,75
"background",371,371,114,221,20,2150,236,119
"background",372,372,161,247,88,1277,150,76
"background",373,373,122,228,28,1689,192,95
"background",374,374,111,219,16,1615,151,103
"background",375,375,156,244,75,1713,211,100
"background",376,376,127,223,41,1192,114,73
"background",377,377,80,188,-8,2619,274,137
"background",378,378,102,203,1,983,94,57
"background",379,379,63,164,-24,1451,144,76
"background",380,380,119,207,29,2365,227,123
"background",381,381,148,237,64,1402,159,85
"background",382,382,117,216,19,691,68,49
"background",383,383,93,198,-1,1208,117,83
"background",384,384,127,225,38,1674,165,89
"background",385,385,120,219,21,657,67,45
"background",386,386,97,191,4,1221,125,76
"background",387,387,127,224,39,1007,96,64
"background",388,388,117,210,27,871,92,58
"background",389,389,128,214,51,1042,118,52
"background",390,390,113,215,23,1684,168,93
"background",391,391,138,235,48,1603,175,94
"background",392,392,108,200,16,577,61,36
"background",393,393,90,186,-1,2559,260,135
"background",394,394,130,231,38,1226,151,61
"background",395,395,115,216,26,1081,108,67
"background",396,396,127,230,31,1622,168,111
"background",397,397,77,200,-30,688,72,46
"background",398,398,115,220,19,1955,196,124
"background",399,399,98,216,-10,560,57,38
"background",400,400,97,190,7,2788,280,150
"background",401,401,94,195,1,3504,348,228
"background",402,402,109,205,22,886,94,48
"background",403,403,84,181,-6,3154,320,165
"background",404,404,124,211,47,1131,127,55
"background",405,405,62,164,-27,2237,223,115
"background",406,406,100,196,13,935,97,57
"background",407,407,98,192,5,3927,402,220
"background",408,408,124,224,33,2264,242,118
"background",409,409,97,191,5,1239,127,77
"background",410,410,155,243,82,1800,208,104
"background",411,411,127,222,25,1021,103,61
"background",412,412,115,218,24,1591,187,87
"background",413,413,73,186,-26,990,96,70
"background",414,414,106,194,17,3371,329,183
"background",415,415,130,225,36,1597,162,76
"background",416,416,102,194,11,3700,377,205
"background",417,417,116,218,29,1735,189,91
"background",418,418,62,175,-32,3421,337,215
"background",419,419,101,211,6,1790,174,120
"background",420,420,57,160,-28,1345,140,72
"background",421,421,140,234,52,1644,172,105
"background",422,422,145,244,49,1344,137,89
"background",423,423,64,189,-39,1550,153,94
"background",424,424,129,231,34,1643,171,103
"background",425,425,107,216,11,1596,152,111
"background",426,426,77,177,-9,953,99,56
"background",427,427,62,164,-24,1279,134,68
"background",428,428,138,238,43,1278,132,85
"background",429,429,103,193,13,2574,256,136
"background",430,430,137,226,53,1675,168,105
"background",431,431,104,192,15,3486,336,190
"background",432,432,92,184,2,1078,111,72
"background",433,433,107,209,19,1342,133,76
"background",434,434,74,166,-9,1415,139,93
"background",435,435,102,205,15,1983,225,98
"background",436,436,43,167,-59,1418,130,86
"background",437,437,91,184,2,1074,102,75
"background",438,438,127,233,30,1583,171,83
"background",439,439,109,217,14,2159,229,138
"background",440,440,107,216,12,1788,178,110
"background",441,441,117,216,17,713,70,48
"background",442,442,121,227,24,1591,162,91
"background",443,443,144,241,51,1204,124,78
"background",444,444,125,231,30,1597,173,97
"background",445,445,131,237,36,1436,176,71
"background",446,446,95,210,-11,549,58,35
"background",447,447,94,195,-1,698,72,42
"background",448,448,144,233,69,1916,229,104
"background",449,449,124,219,38,2184,214,122
"background",450,450,151,239,74,1718,209,99
"background",451,451,70,181,-24,1287,118,91
"background",452,452,99,197,5,921,95,56
"background",453,453,140,242,47,1867,229,107
"background",454,454,139,229,64,2079,247,116
"background",455,455,117,221,24,1841,188,102
"background",456,456,59,172,-34,2651,259,167
"background",457,457,84,197,-14,3855,385,239
"background",458,458,100,210,-4,822,89,47
"background",459,459,82,192,-17,3026,307,164
"background",460,460,110,217,17,1720,173,99
"background",461,461,117,209,21,3391,334,217
"background",462,462,120,218,19,1589,157,85
"background",463,463,136,224,53,1594,173,99
"background",464,464,141,236,53,1466,153,94
"background",465,465,106,206,7,839,79,56
"background",466,466,145,239,57,1940,209,122
"background",467,467,122,217,37,1949,192,108
"background",468,468,73,173,-17,1394,138,76
"background",469,469,88,185,-3,2307,231,113
"background",470,470,68,168,-22,2680,270,136
"background",471,471,103,210,12,2110,217,114
"background",472,472,69,187,-29,1151,109,78
"background",473,473,105,197,13,2860,290,163
"background",474,474,112,212,11,590,62,32
"background",475,475,153,243,68,1864,224,109
"background",476,476,134,236,41,2146,260,118
"background",477,477,136,225,53,1612,166,101
"background",478,478,123,230,28,1615,188,83
"background",479,479,37,162,-62,1534,141,101
"background",480,480,104,193,15,715,75,46
"background",481,481,70,192,-33,4058,404,239
"background",482,482,92,214,-15,1555,158,90
"background",483,483,74,192,-28,3783,374,216
"background",484,484,102,211,7,2277,242,148
"background",485,485,128,227,39,1291,131,79
"background",486,486,133,234,40,1178,145,58
"background",487,487,116,220,22,1320,139,87
"background",488,488,40,164,-59,3276,319,194
"background",489,489,117,215,20,1671,166,84
"background",490,490,74,172,-15,2602,258,131
"background",491,491,99,198,3,3282,330,190
"background",492,492,98,190,7,3040,306,164
"background",493,493,95,216,-14,573,61,38
"background",494,494,143,241,49,1336,140,84
"background",495,495,40,166,-62,1538,142,96
"background",496,496,99,198,4,984,102,60
"background",497,497,114,212,14,582,59,32
"background",498,498,74,190,-29,1159,112,68
"background",499,499,135,234,43,1757,191,97
"background",500,500,134,227,50,1059,108,59
"background",501,501,154,242,74,1236,146,81
"background",502,502,123,227,26,1573,163,110
"background",503,503,133,222,48,1165,125,72
"background",504,504,130,227,41,2143,234,113
"background",505,505,99,217,-9,550,57,37
"background",506,506,128,229,33,2158,224,138
"background",507,507,117,222,21,2258,240,151
"background",508,508,111,206,19,728,74,50
"background",509,509,100,191,12,2571,251,133
"background",510,510,138,238,45,1469,156,87
"background",511,511,75,201,-31,932,92,60
"background",512,512,149,240,64,1333,139,87
"background",513,513,118,208,24,3343,334,215
"background",514,514,132,233,40,1064,125,59
"background",515,515,85,193,-4,2733,285,142
"background",516,516,93,200,-7,952,95,61
"background",517,517,85,194,-6,2119,221,132
"background",518,518,30,154,-66,2486,237,152
"background",519,519,105,196,13,695,73,44
"background",520,520,72,180,-25,1420,138,82
"background",521,521,163,248,92,1021,118,63
"background",522,522,97,193,5,2323,245,110
"background",523,523,48,172,-53,3730,364,209
"background",524,524,132,225,47,1118,110,70
"background",525,525,137,236,43,1871,191,111
"background",526,526,128,230,37,1152,140,58
"background",527,527,134,235,40,1031,124,54
"background",528,528,160,247,88,1239,146,72
"background",529,529,69,192,-35,3886,381,224
"background",530,530,129,230,36,1727,181,97
"background",531,531,46,173,-56,3298,322,190
"background",532,532,20,147,-78,3372,322,190
"background",533,533,123,229,31,1862,222,106
"background",534,534,114,201,24,3542,357,207
"background",535,535,92,200,-4,2004,207,125
"background",536,536,99,197,5,913,95,55
"background",537,537,126,228,34,1475,148,82
"background",538,538,75,174,-11,1970,185,137
"background",539,539,47,167,-50,2011,194,126
"background",540,540,81,179,-10,2329,232,115
"background",541,541,118,212,37,1829,208,85
"background",542,542,82,205,-26,769,72,46
"background",543,543,96,197,1,988,100,64
"background",544,544,111,206,13,1464,145,81
"background",545,545,111,216,20,2604,307,143
"background",546,546,122,229,27,1578,188,82
"background",547,547,46,173,-56,3359,328,193
"background",548,548,46,172,-55,3996,390,230
"background",549,549,123,230,26,1396,137,101
"background",550,550,52,159,-39,2536,249,130
"background",551,551,141,242,43,769,86,46
"background",552,552,87,183,-3,2591,255,127
"background",553,553,45,172,-58,2782,270,159
"background",554,554,162,246,91,1018,119,62
"background",555,555,103,213,7,1800,175,124
"background",556,556,81,191,-13,1652,163,104
"background",557,557,76,176,-11,1941,182,135
"background",558,558,116,213,21,1593,165,75
"background",559,559,104,201,9,625,66,37
"background",560,560,116,217,16,640,65,39
"background",561,561,113,200,25,2235,216,121
"background",562,562,123,219,37,1440,140,84
"background",563,563,95,201,-2,2300,236,146
"background",564,564,138,243,41,1532,165,82
"background",565,565,92,192,1,1463,147,71
"background",566,566,132,236,36,1736,179,112
"background",567,567,83,188,-9,2782,270,181
"background",568,568,94,190,6,2333,222,162
"background",569,569,83,179,-6,2707,273,139
"background",570,570,156,244,80,1644,192,102
"background",571,571,131,231,36,2068,214,131
"background",572,572,117,223,24,1990,231,118
"background",573,573,153,241,71,1293,147,82
"background",574,574,144,240,53,1281,133,80
"background",575,575,10,135,-85,3978,380,219
"background",576,576,107,210,6,632,66,34
"background",577,577,115,220,19,2108,221,142
"background",578,578,126,222,39,1458,141,85
"background",579,579,67,168,-21,2983,305,144
"background",580,580,134,237,41,1820,202,100
"background",581,581,125,229,33,2236,264,122
"background",582,582,74,192,-30,742,76,53
"background",583,583,154,241,80,1570,186,86
"background",584,584,88,200,-14,789,82,47
"background",585,585,125,221,38,1453,140,85
"background",586,586,119,204,30,2518,247,144
"background",587,587,57,174,-42,2422,241,126
"background",588,588,81,186,-10,3055,295,200
"background",589,589,76,173,-11,2975,295,151
"background",590,590,115,213,15,648,62,38
"background",591,591,152,242,68,1243,134,79
"background",592,592,161,247,86,1530,170,96
"background",593,593,123,217,22,1100,110,64
"background",594,594,134,237,41,1847,227,101
"background",595,595,149,241,61,2050,237,129
"background",596,596,69,190,-36,827,78,56
"background",597,597,75,175,-11,1026,106,60
"background",598,598,107,207,8,859,82,60
"background",599,599,112,218,16,1965,199,128
"background",600,600,129,225,41,2217,238,115
"background",601,601,115,221,19,1469,156,89
"background",602,602,109,205,14,729,73,48
"background",603,603,26,149,-71,3434,331,185
"background",604,604,72,174,-16,2133,197,146
"background",605,605,86,209,-22,751,72,42
"background",606,606,126,219,42,1827,181,105
"background",607,607,74,176,-19,2041,203,107
"background",608,608,109,206,28,1559,187,73
"background",609,609,126,219,28,1640,182,85
"background",610,610,92,192,0,1330,132,92
"background",611,611,79,198,-26,661,65,46
"background",612,612,42,165,-57,1481,136,98
"background",613,613,103,204,8,999,132,54
"background",614,614,94,190,0,1317,139,84
"background",615,615,109,218,14,2101,220,139
"background",616,616,95,191,2,2089,210,105
"background",617,617,98,195,11,945,101,48
"background",618,618,113,199,25,2418,231,129
"background",619,619,115,214,14,667,68,41
"background",620,620,87,186,1,1064,113,54
"background",621,621,84,185,-6,1506,145,104
"background",622,622,140,238,49,1371,141,88
"background",623,623,152,240,70,1282,147,78
"background",624,624,127,215,51,1546,183,71
"background",625,625,112,221,16,1425,140,95
"background",626,626,65,168,-26,1998,199,102
"background",627,627,110,203,18,2827,291,137
"background",628,628,73,197,-30,1155,113,73
"background",629,629,114,201,24,3137,315,180
"background",630,630,116,219,29,1259,159,61
"background",631,631,82,192,-8,2103,225,132
"background",632,632,116,224,23,1936,213,111
"background",633,633,141,244,46,1451,153,87
"background",634,634,105,214,10,1850,191,109
"background",635,635,57,182,-46,3170,314,185
"background",636,636,93,200,3,1395,139,85
"background",637,637,114,214,14,667,68,42
"background",638,638,30,157,-70,3183,306,181
"background",639,639,140,238,49,1356,140,86
"background",640,640,105,203,11,1045,105,55
"background",641,641,64,168,-24,2061,189,140
"background",642,642,152,241,70,1419,167,91
"background",643,643,96,204,-2,4212,425,269
"background",644,644,131,237,34,1574,164,89
"background",645,645,117,218,27,1859,187,98
"background",646,646,76,188,-24,729,74,46
"background",647,647,93,189,0,826,79,58
"background",648,648,97,218,-7,762,78,50
"background",649,649,128,234,31,1403,154,72
"background",650,650,109,205,17,738,77,50
"background",651,651,60,187,-43,1693,166,102
"background",652,652,133,227,46,1864,189,106
"background",653,653,110,218,15,2091,226,129
"background",654,654,99,198,5,4658,478,292
"background",655,655,47,159,-43,1944,176,130
"background",656,656,124,231,29,1499,173,80
"background",657,657,115,217,26,1043,106,65
"background",658,658,49,176,-55,2789,271,160
"background",659,659,97,205,-4,882,93,53
"background",660,660,94,187,5,2647,264,137
"background",661,661,103,196,10,699,68,42
"background",662,662,141,240,47,1155,120,78
"background",663,663,93,192,0,1511,151,77
"background",664,664,97,207,3,2386,251,158
"background",665,665,123,225,34,1433,163,73
"background",666,666,99,197,4,927,95,57
"background",667,667,142,238,51,1424,154,86
"background",668,668,132,221,53,1219,145,56
"background",669,669,137,241,41,1329,165,65
"background",670,670,90,191,-5,1141,121,72
"background",671,671,114,213,26,2794,292,142
"background",672,672,83,199,-20,881,91,59
"background",673,673,95,208,-9,402,48,24
"background",674,674,89,191,-2,2512,239,166
"background",675,675,118,226,21,1572,154,112
"background",676,676,34,154,-63,3492,340,186
"background",677,677,110,205,14,1400,143,82
"background",678,678,149,240,62,1843,209,117
"background",679,679,39,145,-48,2206,219,113
"background",680,680,150,239,67,1526,180,100
"background",681,681,62,173,-30,1790,167,117
"background",682,682,71,175,-23,1814,177,96
"background",683,683,109,212,20,1050,107,64
"background",684,684,132,226,48,946,92,62
"background",685,685,100,191,9,1150,116,70
"background",686,686,41,168,-60,3390,329,194
"background",687,687,123,225,32,1240,141,71
"background",688,688,125,216,41,1671,181,100
"background",689,689,159,246,85,1566,168,103
"background",690,690,111,215,21,969,101,60
"background",691,691,100,210,5,2049,208,126
"background",692,692,88,211,-21,598,65,40
"background",693,693,90,199,-3,2237,227,137
"background",694,694,26,153,-73,2938,282,175
"background",695,695,109,198,20,2576,254,142
"background",696,696,155,242,77,1328,163,77
"background",697,697,99,207,7,1283,126,87
"background",698,698,116,220,23,1655,168,91
"background",699,699,118,217,31,2362,241,120
"background",700,700,112,213,10,648,64,39
"background",701,701,130,231,34,1996,211,129
"background",702,702,125,227,34,1227,150,62
"background",703,703,67,167,-19,2072,193,144
"background",704,704,112,205,16,1695,173,87
"background",705,705,124,227,33,1201,148,60
"background",706,706,121,225,31,1157,151,54
"background",707,707,126,218,42,1479,156,88
"background",708,708,42,164,-55,1796,170,114
"background",709,709,87,188,-7,808,78,56
"background",710,710,98,194,5,1086,111,66
"background",711,711,84,180,-6,3007,304,155
"background",712,712,66,190,-39,1002,93,61
"background",713,713,123,225,31,1159,126,69
"background",714,714,77,194,-25,954,95,66
"background",715,715,128,230,38,1096,136,52
"background",716,716,137,239,39,857,98,51
"background",717,717,109,218,14,1697,167,109
"background",718,718,88,201,-15,898,84,58
"background",719,719,93,180,7,1199,120,73
"background",720,720,126,212,50,1161,131,56
"background",721,721,139,236,49,1521,163,91
"background",722,722,78,178,-10,1850,174,128
"background",723,723,153,241,73,1240,143,82
"background",724,724,117,225,21,1799,184,125
"background",725,725,111,214,22,1697,183,93
"background",726,726,105,200,9,1508,154,88
"background",727,727,131,220,47,1576,170,97
"background",728,728,144,245,48,1534,157,98
"background",729,729,96,206,1,2154,217,139
"background",730,730,90,192,-1,1326,131,92
"background",731,731,85,197,-17,786,80,47
"background",732,732,55,183,-49,2309,225,133
"background",733,733,127,225,38,2318,249,115
"background",734,734,74,172,-14,2632,262,133
"background",735,735,97,208,-7,611,66,35
"background",736,736,91,190,-3,957,97,61
"background",737,737,125,223,36,2862,308,169
"background",738,738,150,239,67,1527,179,101
"background",739,739,75,181,-22,2250,231,116
"background",740,740,99,193,6,1042,109,62
"background",741,741,90,185,1,2920,291,142
"background",742,742,127,225,38,1725,170,91
"background",743,743,155,243,72,1394,167,92
"background",744,744,134,227,49,920,90,61
"background",745,745,92,178,7,1256,125,78
"background",746,746,132,235,40,2074,255,118
"background",747,747,54,157,-34,1707,168,90
"background",748,748,109,217,14,2250,244,130
"background",749,749,23,146,-71,3601,346,217
"background",750,750,161,248,89,1205,145,72
"background",751,751,78,199,-28,1230,122,65
"background",752,752,61,185,-42,2877,286,168
"background",753,753,44,166,-55,2588,252,138
"background",754,754,119,211,23,2353,258,113
"background",755,755,117,215,29,2389,241,123
"background",756,756,116,202,27,3175,308,180
"background",757,757,109,218,13,1940,198,132
"background",758,758,128,217,44,2281,233,138
"background",759,759,126,227,38,1447,155,82
"background",760,760,97,197,1,3574,358,206
"background",761,761,75,193,-24,1183,117,77
"background",762,762,62,189,-43,2381,235,139
"background",763,763,106,209,16,1900,192,102
"background",764,764,117,220,26,1592,158,89
"background",765,765,118,224,15,4245,440,275
"background",766,766,121,216,29,1446,153,68
"background",767,767,135,234,40,1923,193,120
"background",768,768,145,239,57,1941,209,122
"background",769,769,105,211,4,3327,330,202
"background",770,770,129,215,39,2150,206,114
"background",771,771,95,204,1,2057,205,127
"background",772,772,74,193,-26,1083,104,72
"background",773,773,152,240,70,1398,164,89
"background",774,774,88,184,-3,2004,204,108
"background",775,775,98,206,6,2375,246,132
"background",776,776,82,204,-24,3457,352,202
"background",777,777,98,205,0,934,97,58
"background",778,778,61,184,-40,1385,134,88
"background",779,779,116,210,18,1409,146,77
"background",780,780,88,174,6,1450,145,94
"background",781,781,120,220,33,1191,151,57
"background",782,782,150,238,73,1744,206,104
"background",783,783,67,171,-21,1974,182,134
"background",784,784,112,202,19,3726,373,236
"background",785,785,100,192,10,2433,241,124
"background",786,786,131,233,36,1192,145,59
"background",787,787,117,220,25,1540,159,91
"background",788,788,125,225,34,1452,142,83
"background",789,789,140,241,48,2007,235,102
"background",790,790,122,229,25,1250,123,81
"background",791,791,90,198,-1,2422,250,133
"background",792,792,92,203,-10,905,93,57
"background",793,793,120,221,33,1165,149,55
"background",794,794,143,241,50,1261,132,79
"background",795,795,88,165,14,1627,161,109
"background",796,796,93,187,5,2903,281,145
"background",797,797,121,228,26,1670,182,100
"background",798,798,77,178,-15,4297,434,226
"background",799,799,101,192,11,2955,295,158
"background",800,800,139,239,45,1371,144,85
"background",801,801,82,203,-25,654,70,43
"background",802,802,128,218,36,2418,243,124
"background",803,803,102,210,-2,810,86,46
"background",804,804,123,210,33,1999,200,106
"background",805,805,132,222,48,1170,125,72
"background",806,806,66,170,-27,1800,176,94
"background",807,807,99,197,6,1043,106,56
"background",808,808,105,212,12,1980,202,111
"background",809,809,79,179,-8,858,85,49
"background",810,810,130,230,31,838,88,42
"background",811,811,94,192,0,791,77,48
"background",812,812,81,190,-8,2524,264,138
"background",813,813,116,224,20,1831,196,115
"background",814,814,87,187,-5,1269,127,68
"background",815,815,107,211,18,1822,184,99
"background",816,816,111,216,10,4130,404,265
"background",817,817,143,235,58,2164,254,131
"background",818,818,99,218,-9,653,64,41
"background",819,819,36,160,-64,2808,271,153
"background",820,820,83,197,-21,581,62,38
"background",821,821,124,216,38,1163,129,56
"background",822,822,118,221,26,1395,140,85
"background",823,823,89,214,-19,775,81,47
"background",824,824,89,206,-13,4230,425,257
"background",825,825,88,203,-17,696,73,47
"background",826,826,106,203,25,1625,194,76
"background",827,827,144,234,60,1175,133,72
"background",828,828,153,242,69,1422,166,94
"background",829,829,129,229,38,1137,108,75
"background",830,830,95,197,-1,3272,330,187
"background",831,831,105,215,9,1623,154,112
"background",832,832,116,214,15,652,63,38
"background",833,833,102,211,7,2028,211,118
"background",834,834,118,219,18,633,69,38
"background",835,835,69,177,-28,1540,149,86
"background",836,836,139,239,44,1206,124,83
"background",837,837,137,239,45,2017,247,115
"background",838,838,130,231,37,1218,151,61
"background",839,839,47,168,-53,1980,191,108
"background",840,840,91,201,-5,1174,117,74
"background",841,841,149,238,66,1221,138,73
"background",842,842,78,183,-13,1487,140,102
"background",843,843,125,216,42,2053,216,124
"background",844,844,123,224,34,1364,140,80
"background",845,845,123,230,27,1526,169,91
"background",846,846,49,163,-43,2261,215,144
"background",847,847,54,176,-44,1512,145,97
"background",848,848,91,189,-2,812,78,57
"background",849,849,56,177,-45,1134,107,81
"background",850,850,86,182,-5,2076,212,108
"background",851,851,117,204,26,3391,333,221
"background",852,852,143,236,56,1604,169,104
"background",853,853,128,225,40,2046,211,106
"background",854,854,98,191,7,1239,126,77
"background",855,855,89,215,-20,626,67,42
"background",856,856,74,198,-28,1391,140,84
"background",857,857,155,243,83,1581,178,99
"background",858,858,120,221,31,1014,103,63
"background",859,859,100,192,10,2635,257,131
"background",860,860,87,193,-7,4182,421,272
"background",861,861,107,212,16,1736,182,99
"background",862,862,86,192,-12,636,66,41
"background",863,863,103,198,12,1119,119,68
"background",864,864,135,231,48,926,96,57
"background",865,865,80,180,-5,1093,115,56
"background",866,866,133,237,36,1199,134,64
"background",867,867,116,213,19,3397,334,220
"background",868,868,61,186,-41,2226,220,131
"background",869,869,97,207,3,1921,190,128
"background",870,870,69,169,-20,1493,147,81
"background",871,871,124,215,40,1672,180,99
"background",872,872,155,242,75,1130,133,71
"background",873,873,111,210,13,725,73,50
"background",874,874,81,186,-10,3167,306,207
"background",875,875,100,205,0,924,94,57
"background",876,876,107,208,7,632,67,33
"background",877,877,118,219,18,629,67,38
"background",878,878,129,219,44,1366,146,83
"background",879,879,113,215,23,1249,124,72
"background",880,880,68,178,-24,2592,254,165
"background",881,881,92,200,-5,941,95,59
"background",882,882,118,210,34,2300,243,132
"background",883,883,85,186,-10,1392,137,78
"background",884,884,69,186,-32,1020,99,74
"background",885,885,97,205,6,1345,133,88
"background",886,886,138,240,44,1746,194,96
"background",887,887,122,227,28,2048,224,113
"background",888,888,98,204,0,894,95,54
"background",889,889,92,194,-5,1061,107,65
"background",890,890,125,213,50,1217,143,59
"background",891,891,36,159,-63,2315,221,126
"background",892,892,122,217,36,1311,127,79
"background",893,893,117,219,17,629,73,38
"background",894,894,96,219,-16,480,54,29
"background",895,895,98,208,-4,553,61,31
"background",896,896,97,201,-3,986,93,61
"background",897,897,92,205,-8,4173,418,258
"background",898,898,161,245,90,1029,121,62
"background",899,899,98,218,-10,676,67,41
"background",900,900,97,198,13,2081,236,101
"background",901,901,67,183,-30,2239,223,138
"background",902,902,104,209,14,999,104,61
"background",903,903,91,201,-5,1248,132,75
"background",904,904,150,238,73,1527,188,86
"background",905,905,48,152,-39,1910,188,99
"background",906,906,50,171,-47,1768,170,112
"background",907,907,120,227,23,1607,164,92
"background",908,908,134,228,49,981,102,59
"background",909,909,139,230,54,1613,160,103
"background",910,910,139,245,44,1112,130,59
"background",911,911,50,173,-48,1560,149,100
"background",912,912,134,223,49,1109,119,69
"background",913,913,122,229,25,1355,133,92
"background",914,914,90,185,-1,1878,190,101
"background",915,915,73,190,-30,801,81,59
"background",916,916,98,210,-7,658,71,39
"background",917,917,85,188,-6,2956,282,195
"background",918,918,79,184,-12,1533,144,104
"background",919,919,102,209,10,1115,113,76
"background",920,920,123,226,28,1160,127,74
"background",921,921,102,212,-2,867,93,49
"background",922,922,89,183,4,2105,199,149
"background",923,923,125,225,35,1816,187,94
"background",924,924,117,215,17,650,67,37
"background",925,925,135,237,39,823,95,48
"background",926,926,152,241,69,1522,180,100
"background",927,927,131,234,36,1016,121,56
"background",928,928,160,247,87,1501,157,97
"background",929,929,95,212,-10,4420,448,275
"background",930,930,117,218,19,755,95,44
"background",931,931,94,188,5,2936,290,144
"background",932,932,121,223,21,4320,434,285
"background",933,933,147,240,60,1974,221,127
"background",934,934,116,214,18,3502,344,227
"background",935,935,80,177,-8,2965,297,144
"background",936,936,112,211,11,706,68,44
"background",937,937,118,218,18,649,73,38
"background",938,938,29,155,-70,3462,333,194
"background",939,939,92,196,-3,996,97,64
"background",940,940,68,168,-21,2877,288,146
"background",941,941,86,205,-16,889,88,60
"background",942,942,92,192,-2,704,72,48
"background",943,943,93,195,1,3915,395,251
"background",944,944,129,225,42,1017,98,66
"background",945,945,77,175,-13,2447,241,121
"background",946,946,40,161,-55,1747,163,113
"background",947,947,98,204,0,932,96,58
"background",948,948,85,197,-12,1060,103,70
"background",949,949,109,208,10,930,86,63
"background",950,950,75,200,-32,1500,148,85
"background",951,951,120,216,19,1215,117,72
"background",952,952,82,178,-8,2595,257,130
"background",953,953,77,179,-16,1427,144,76
"background",954,954,90,206,-16,696,72,44
"background",955,955,63,189,-43,2005,196,112
"background",956,956,150,239,67,1582,192,100
"background",957,957,113,222,17,1430,138,101
"background",958,958,56,173,-39,2189,215,136
"background",959,959,68,171,-19,2472,228,167
"background",960,960,127,229,35,1143,138,62
"background",961,961,101,201,5,3312,332,195
"background",962,962,81,171,-2,1387,137,90
"background",963,963,117,224,20,1648,172,92
"background",964,964,129,221,53,2179,256,124
"background",965,965,57,183,-46,3231,318,186
"background",966,966,80,203,-27,2015,201,114
"background",967,967,103,195,11,727,70,46
"background",968,968,74,172,-13,3203,312,158
"background",969,969,124,228,34,1006,125,51
"background",970,970,82,190,-7,2004,216,117
"background",971,971,145,241,52,1698,182,111
"background",972,972,112,207,21,810,82,56
"background",973,973,87,191,-9,1209,124,80
"background",974,974,125,220,39,2187,214,123
"background",975,975,90,184,4,2315,219,164
"background",976,976,68,168,-22,2655,267,135
"background",977,977,48,159,-46,2885,284,149
"background",978,978,114,217,23,1655,166,93
"background",979,979,136,241,41,1313,163,65
"background",980,980,101,211,5,1889,185,128
"background",981,981,90,186,-2,2014,206,107
"background",982,982,127,213,37,1991,199,107
"background",983,983,120,221,31,1496,157,86
"background",984,984,57,160,-29,1365,138,74
"background",985,985,150,238,69,1841,222,109
"background",986,986,144,233,67,1918,226,112
"background",987,987,91,207,-14,449,52,26
"background",988,988,122,230,25,1212,121,80
"background",989,989,112,214,22,2661,283,146
"background",990,990,164,249,93,1024,118,64
"background",991,991,99,219,-7,1385,142,81
"background",992,992,99,193,8,1076,113,70
"background",993,993,155,242,81,1564,184,86
"background",994,994,162,247,89,1129,133,67
"background",995,995,66,169,-24,1853,184,95
"background",996,996,124,229,27,1494,152,106
"background",997,997,75,196,-29,4524,448,269
"background",998,998,47,167,-49,2893,283,176
"background",999,999,126,220,37,721,85,35
"background",1000,1000,119,226,22,1657,173,90
