"species","x","y","bio01nz","bio05nz","bio06nz","bio12nz","bio13nz","bio14nz"
"species",1,1,63,180,-34,2180,216,134
"species",2,2,74,173,-17,2096,212,108
"species",3,3,114,205,30,1119,120,74
"species",4,4,104,204,10,1358,139,66
"species",5,5,117,216,18,1652,167,84
"species",6,6,74,197,-28,1261,127,77
"species",7,7,113,222,11,4124,424,265
"species",8,8,111,198,22,3314,324,182
"species",9,9,117,202,31,2612,246,148
"species",10,10,81,179,-10,1490,149,85
"species",11,11,116,202,29,2352,225,128
"species",12,12,118,206,28,2242,220,116
"species",13,13,93,185,6,3051,297,159
"species",14,14,147,237,64,1224,136,73
"species",15,15,79,178,-12,1689,172,87
"species",16,16,84,185,-11,2997,305,158
"species",17,17,89,187,-4,1346,139,69
"species",18,18,78,178,-11,1287,128,72
"species",19,19,67,168,-22,2069,207,106
"species",20,20,78,176,-11,2602,264,133
"species",21,21,116,207,32,1062,114,70
"species",22,22,123,221,28,1086,114,54
"species",23,23,88,185,-3,1623,164,94
"species",24,24,96,191,5,1146,119,73
"species",25,25,104,207,2,1000,98,57
"species",26,26,100,190,10,2590,257,136
"species",27,27,81,180,-7,1163,122,69
"species",28,28,109,207,14,1650,167,79
"species",29,29,91,210,-14,749,77,49
"species",30,30,85,207,-20,3087,313,179
"species",31,31,80,203,-25,3586,362,208
"species",32,32,119,227,16,5038,544,334
"species",33,33,93,206,-7,4000,401,247
"species",34,34,122,205,34,2549,239,146
"species",35,35,108,197,19,2280,224,119
"species",36,36,100,197,6,2116,224,102
"species",37,37,77,176,-14,2368,242,115
"species",38,38,121,214,24,1896,208,95
"species",39,39,113,205,21,2841,280,139
"species",40,40,96,192,3,2206,230,106
"species",41,41,107,198,16,1858,188,98
"species",42,42,120,218,23,1646,172,79
"species",43,43,119,220,18,609,68,37
"species",44,44,117,202,27,3104,299,179
"species",45,45,86,201,-13,2252,228,136
"species",46,46,91,213,-17,1635,165,94
"species",47,47,76,187,-19,3327,330,213
"species",48,48,73,196,-31,2489,250,145
"species",49,49,90,203,-10,920,91,60
"species",50,50,91,201,-5,1233,122,77
"species",51,51,97,210,-3,1615,166,96
"species",52,52,87,207,-15,1095,112,68
"species",53,53,97,196,5,1201,123,83
"species",54,54,95,191,3,4360,442,243
"species",55,55,83,199,-16,2058,208,123
"species",56,56,94,209,-6,1549,159,93
"species",57,57,64,187,-37,2443,243,144
"species",58,58,86,189,-5,1461,140,100
"species",59,59,96,194,5,1333,133,92
"species",60,60,94,181,7,1187,119,72
"species",61,61,116,200,29,2750,259,155
"species",62,62,96,182,10,1170,118,70
"species",63,63,149,239,65,1666,198,101
"species",64,64,96,197,1,1110,115,70
"species",65,65,113,202,22,2421,235,123
"species",66,66,88,189,-8,912,92,63
"species",67,67,89,202,-15,813,85,50
"species",68,68,96,182,10,1188,119,72
"species",69,69,100,200,3,1018,99,68
"species",70,70,104,208,1,1037,106,55
"species",71,71,94,195,-2,1035,106,65
"species",72,72,93,211,-8,1176,121,72
"species",73,73,93,188,2,2289,233,121
"species",74,74,99,190,8,1078,111,62
"species",75,75,87,182,-3,2335,236,121
"species",76,76,92,179,7,1228,123,76
"species",77,77,98,203,-2,846,86,53
"species",78,78,70,170,-20,2244,226,115
"species",79,79,93,212,-13,3797,382,228
"species",80,80,109,198,19,4081,407,235
"species",81,81,99,188,9,1097,111,64
"species",82,82,74,173,-16,2763,279,142
"species",83,83,102,206,1,677,70,37
"species",84,84,99,218,-8,2697,277,155
"species",85,85,110,211,9,805,80,47
"species",86,86,89,195,-11,1086,104,75
"species",87,87,80,202,-26,3721,375,217
"species",88,88,98,214,-7,4302,432,265
"species",89,89,80,189,-20,1195,119,71
"species",90,90,96,199,1,1052,138,58
"species",91,91,114,201,25,2102,205,114
"species",92,92,118,206,29,2319,226,120
"species",93,93,95,206,-9,819,88,48
"species",94,94,85,191,-13,1115,108,72
"species",95,95,109,207,12,607,64,33
"species",96,96,87,185,-4,2359,250,112
"species",97,97,121,213,26,2571,270,125
"species",98,98,106,204,9,1561,154,80
"species",99,99,101,196,17,1002,109,61
"species",100,100,130,221,51,1482,173,66
"species",101,101,118,214,27,1384,145,67
"species",102,102,104,202,22,1708,204,80
"species",103,103,130,219,37,2365,239,121
"species",104,104,113,217,23,1679,204,86
"species",105,105,118,210,24,2731,283,133
"species",106,106,103,202,22,1679,201,78
"species",107,107,105,203,14,953,99,47
"species",108,108,119,223,29,1226,159,57
"species",109,109,126,228,37,1156,129,62
"species",110,110,127,222,40,2035,200,111
"species",111,111,96,202,6,1730,183,98
"species",112,112,121,219,21,1786,179,93
"species",113,113,118,214,26,1400,146,68
"species",114,114,121,212,28,3097,308,153
"species",115,115,127,217,35,2481,246,127
"species",116,116,110,222,5,4351,449,275
"species",117,117,111,203,28,1088,117,71
"species",118,118,129,218,36,2453,245,126
"species",119,119,87,209,-19,3351,340,195
"species",120,120,104,198,20,997,109,60
"species",121,121,119,226,16,4492,473,294
"species",122,122,122,219,22,1784,180,92
"species",123,123,125,223,31,1109,115,57
"species",124,124,110,204,26,3633,372,200
"species",125,125,160,246,88,1107,130,65
"species",126,126,160,246,88,1130,132,66
"species",127,127,115,207,31,948,104,58
"species",128,128,122,220,27,1500,160,71
"species",129,129,126,216,33,2366,245,120
"species",130,130,127,218,46,1224,128,64
"species",131,131,88,185,-3,1566,158,91
