"species","x","y","bio01nz","bio05nz","bio06nz","bio12nz","bio13nz","bio14nz"
"background",1,1,76,174,-12,2773,278,142
"background",2,2,137,229,53,863,87,56
"background",3,3,25,150,-71,3327,320,199
"background",4,4,149,237,70,1722,197,106
"background",5,5,83,188,-15,1343,134,74
"background",6,6,72,198,-33,914,90,61
"background",7,7,110,212,8,822,81,47
"background",8,8,63,190,-43,1329,127,82
"background",9,9,99,210,-5,643,69,38
"background",10,10,164,247,92,977,116,58
"background",11,11,114,214,13,626,61,39
"background",12,12,126,232,29,1490,159,78
"background",13,13,96,196,-1,1060,107,68
"background",14,14,92,201,0,1918,198,124
"background",15,15,104,218,0,5142,540,331
"background",16,16,90,196,-9,3140,317,176
"background",17,17,143,241,49,1336,140,84
"background",18,18,124,231,27,1723,179,99
"background",19,19,113,202,21,4279,433,260
"background",20,20,155,245,69,1880,224,112
"background",21,21,131,233,38,1186,146,59
"background",22,22,41,147,-46,2324,227,119
"background",23,23,79,188,-20,887,85,64
"background",24,24,157,244,75,1453,179,89
"background",25,25,49,176,-53,3278,321,189
"background",26,26,113,222,16,1415,139,95
"background",27,27,77,174,-12,2634,263,134
"background",28,28,114,221,18,1985,206,132
"background",29,29,140,241,49,2352,287,124
"background",30,30,125,224,36,1082,106,65
"background",31,31,151,240,70,1287,146,80
"background",32,32,87,174,4,1364,136,87
"background",33,33,46,169,-56,1974,189,109
"background",34,34,114,214,14,678,70,41
"background",35,35,155,242,74,1437,170,91
"background",36,36,69,179,-23,2450,239,156
"background",37,37,134,223,51,1786,180,110
"background",38,38,103,194,11,771,75,50
"background",39,39,51,171,-45,3021,297,184
"background",40,40,83,179,-6,2707,273,139
"background",41,41,145,240,56,1270,131,81
"background",42,42,124,225,36,1039,133,51
"background",43,43,135,226,50,994,101,62
"background",44,44,143,237,55,1429,150,90
"background",45,45,158,245,80,1646,195,99
"background",46,46,101,211,6,2049,207,127
"background",47,47,152,239,77,1768,197,113
"background",48,48,127,224,39,2122,217,111
"background",49,49,99,193,7,1136,121,71
"background",50,50,136,225,53,1612,166,101
"background",51,51,72,187,-30,1265,124,72
"background",52,52,92,216,-18,776,77,50
"background",53,53,152,240,71,1494,169,95
"background",54,54,118,209,33,1005,113,64
"background",55,55,91,205,-11,877,89,57
"background",56,56,145,241,50,1438,152,90
"background",57,57,99,205,0,856,93,50
"background",58,58,135,240,41,1398,165,74
"background",59,59,44,171,-59,2452,236,140
"background",60,60,140,240,46,1185,122,80
"background",61,61,123,225,31,1554,156,85
"background",62,62,100,208,-1,846,90,51
"background",63,63,45,166,-52,1696,160,109
"background",64,64,47,159,-43,1944,176,130
"background",65,65,97,189,11,2392,228,167
"background",66,66,100,192,10,2433,241,124
"background",67,67,122,217,36,1616,159,93
"background",68,68,150,238,71,1781,206,109
"background",69,69,91,188,5,967,104,53
"background",70,70,103,196,13,2876,287,140
"background",71,71,104,213,9,2324,247,146
"background",72,72,109,212,20,1050,107,64
"background",73,73,149,238,66,1445,168,91
"background",74,74,74,166,-9,1415,139,93
"background",75,75,135,230,49,983,100,60
"background",76,76,127,218,43,1879,191,111
"background",77,77,114,213,14,684,70,41
"background",78,78,143,236,55,1529,160,99
"background",79,79,104,196,14,2738,265,135
"background",80,80,151,242,64,1310,138,86
"background",81,81,86,195,-5,1901,201,120
"background",82,82,86,189,-5,1461,140,100
"background",83,83,99,214,-5,4593,470,294
"background",84,84,128,235,32,1604,168,90
"background",85,85,155,243,77,1191,145,76
"background",86,86,152,244,65,1753,196,112
"background",87,87,132,238,38,1450,165,78
"background",88,88,90,191,-5,850,82,55
"background",89,89,64,190,-42,1030,99,69
"background",90,90,63,164,-24,1451,144,76
"background",91,91,90,199,-1,1719,175,108
"background",92,92,122,220,34,1402,135,82
"background",93,93,35,142,-49,1992,214,101
"background",94,94,113,209,28,2365,238,128
"background",95,95,135,231,48,1016,104,61
"background",96,96,153,241,78,1811,210,106
"background",97,97,114,214,14,672,69,40
"background",98,98,108,214,15,1819,182,104
"background",99,99,114,221,18,1720,171,106
"background",100,100,135,231,48,999,103,61
"background",101,101,140,236,49,1578,175,92
"background",102,102,117,215,34,1742,183,90
"background",103,103,116,213,19,3397,334,220
"background",104,104,122,226,27,2014,201,128
"background",105,105,111,219,8,4463,453,294
"background",106,106,125,219,40,1264,124,77
"background",107,107,68,181,-27,1248,116,88
"background",108,108,99,206,-4,949,96,53
"background",109,109,118,222,23,2243,227,142
"background",110,110,77,203,-30,1832,182,107
"background",111,111,102,206,1,677,70,37
"background",112,112,100,211,-5,856,93,49
"background",113,113,112,216,21,945,100,60
"background",114,114,126,222,39,1458,141,85
"background",115,115,70,178,-27,2748,280,142
"background",116,116,86,195,-5,1807,189,114
"background",117,117,105,203,9,1510,150,75
"background",118,118,75,183,-18,1802,170,117
"background",119,119,42,168,-58,2452,238,147
"background",120,120,115,214,14,667,68,41
"background",121,121,121,227,27,1399,135,88
"background",122,122,63,168,-30,3276,328,169
"background",123,123,99,214,-6,4136,422,263
"background",124,124,99,201,1,1018,107,61
"background",125,125,65,173,-26,1737,158,117
"background",126,126,149,238,66,1543,182,101
"background",127,127,118,213,19,1159,111,68
"background",128,128,125,228,30,2149,231,140
"background",129,129,82,187,-14,800,78,55
"background",130,130,60,184,-43,2921,290,171
"background",131,131,4,129,-90,3971,377,218
"background",132,132,89,200,-4,2606,278,169
"background",133,133,98,195,11,945,101,48
"background",134,134,124,230,28,1842,196,110
"background",135,135,88,195,-11,577,61,36
"background",136,136,149,240,62,1843,209,117
"background",137,137,72,173,-18,2506,254,128
"background",138,138,117,215,17,647,67,37
"background",139,139,138,238,43,1344,136,86
"background",140,140,82,192,-12,1592,154,102
"background",141,141,65,167,-19,1341,143,69
"background",142,142,144,245,51,1572,175,88
"background",143,143,54,178,-48,1188,111,81
"background",144,144,114,214,14,667,68,42
"background",145,145,55,164,-34,1974,179,132
"background",146,146,106,208,5,948,94,54
"background",147,147,64,172,-26,2610,246,170
"background",148,148,122,217,30,1325,139,63
"background",149,149,132,233,39,1185,146,59
"background",150,150,87,210,-21,664,63,40
"background",151,151,133,238,38,1313,140,75
"background",152,152,114,218,23,1644,169,96
"background",153,153,48,168,-48,2835,277,172
"background",154,154,119,216,21,3749,366,250
"background",155,155,115,214,16,756,73,51
"background",156,156,96,210,-6,844,87,54
"background",157,157,98,196,8,935,95,48
"background",158,158,58,183,-45,1191,112,79
"background",159,159,78,176,-11,2390,241,123
"background",160,160,134,237,38,962,115,50
"background",161,161,111,198,22,2403,235,131
"background",162,162,143,244,50,1759,202,94
"background",163,163,96,196,0,1114,112,70
"background",164,164,136,241,41,1202,128,69
"background",165,165,84,204,-23,648,70,42
"background",166,166,120,221,29,1833,186,96
"background",167,167,89,204,-12,905,90,60
"background",168,168,134,240,38,1172,130,65
"background",169,169,115,219,24,1654,166,92
"background",170,170,100,195,8,2692,282,128
"background",171,171,97,220,-12,892,87,53
"background",172,172,117,223,21,1816,181,115
"background",173,173,142,246,48,1321,164,68
"background",174,174,56,183,-48,1247,117,81
"background",175,175,111,218,18,2172,244,124
"background",176,176,112,212,12,704,72,43
"background",177,177,131,221,47,2045,201,123
"background",178,178,130,225,43,2082,218,111
"background",179,179,124,223,35,1855,186,96
"background",180,180,127,230,31,1031,112,60
"background",181,181,90,189,-2,1475,146,73
"background",182,182,120,224,26,1221,135,79
"background",183,183,92,214,-17,829,84,46
"background",184,184,114,217,23,1624,171,93
"background",185,185,114,213,26,2794,292,142
"background",186,186,118,219,18,665,78,39
"background",187,187,61,185,-41,3680,366,215
"background",188,188,88,187,-1,1788,169,123
"background",189,189,98,205,7,1310,130,86
"background",190,190,153,243,67,1308,138,87
"background",191,191,126,233,31,1516,179,78
"background",192,192,135,240,40,1279,147,68
"background",193,193,98,190,6,1377,144,89
"background",194,194,121,214,32,838,85,54
"background",195,195,58,181,-45,4252,417,245
"background",196,196,97,207,4,1900,192,125
"background",197,197,132,238,35,1516,158,80
"background",198,198,62,163,-25,3044,309,148
"background",199,199,51,175,-51,3806,371,216
"background",200,200,118,214,33,2239,222,122
"background",201,201,120,215,35,1802,179,102
"background",202,202,84,190,-10,4059,409,263
"background",203,203,71,189,-32,824,83,61
"background",204,204,67,183,-34,838,82,60
"background",205,205,80,178,-11,2477,252,127
"background",206,206,124,228,33,1054,130,54
"background",207,207,86,187,-9,1201,124,68
"background",208,208,82,182,-6,1029,100,55
"background",209,209,117,215,24,779,85,39
"background",210,210,152,241,68,1512,178,100
"background",211,211,50,177,-54,1576,149,97
"background",212,212,87,193,-11,616,64,39
"background",213,213,89,191,-1,2476,235,165
"background",214,214,149,241,63,1388,146,91
"background",215,215,76,198,-28,3011,303,175
"background",216,216,130,233,35,1541,160,97
"background",217,217,129,220,44,1760,176,103
"background",218,218,111,218,17,1672,169,97
"background",219,219,119,214,34,1746,176,99
"background",220,220,125,206,41,2331,215,142
"background",221,221,100,218,-9,531,56,35
"background",222,222,116,209,27,900,99,58
"background",223,223,108,209,6,968,97,54
"background",224,224,121,219,26,1369,145,66
"background",225,225,37,152,-58,2350,225,125
"background",226,226,91,192,-3,1009,105,60
"background",227,227,47,172,-54,1348,125,89
"background",228,228,136,241,39,1559,166,83
"background",229,229,37,163,-64,3323,321,187
"background",230,230,88,174,4,1298,130,82
"background",231,231,129,236,34,1288,142,78
"background",232,232,113,205,21,2841,280,139
"background",233,233,132,224,47,1091,109,68
"background",234,234,74,173,-16,2449,249,125
"background",235,235,134,229,49,1031,106,62
"background",236,236,72,173,-19,1977,200,101
"background",237,237,103,191,15,813,77,55
"background",238,238,103,201,11,3610,361,232
"background",239,239,140,242,46,1537,190,82
"background",240,240,80,184,-10,2770,261,183
"background",241,241,104,228,-8,506,57,34
"background",242,242,112,201,19,3858,385,242
"background",243,243,128,225,43,1003,122,48
"background",244,244,70,180,-18,2442,268,141
"background",245,245,99,190,8,1076,110,66
"background",246,246,96,216,-12,801,82,44
"background",247,247,124,222,37,1056,102,67
"background",248,248,52,155,-35,1711,170,89
"background",249,249,98,199,1,664,70,39
"background",250,250,97,190,5,1346,142,87
"background",251,251,115,214,21,1393,147,66
"background",252,252,117,221,28,1266,165,59
"background",253,253,135,225,50,1046,110,65
"background",254,254,135,226,50,983,101,61
"background",255,255,92,192,-1,987,102,57
"background",256,256,131,220,48,2048,204,125
"background",257,257,56,177,-45,2529,250,134
"background",258,258,85,206,-23,600,66,38
"background",259,259,122,225,30,1286,152,73
"background",260,260,122,229,26,1290,124,83
"background",261,261,145,239,56,1393,145,90
"background",262,262,23,149,-74,2121,197,132
"background",263,263,71,183,-25,1199,112,84
"background",264,264,140,229,67,2064,237,119
"background",265,265,124,220,35,720,85,35
"background",266,266,162,248,89,1158,137,69
"background",267,267,90,200,-12,945,89,63
"background",268,268,92,193,-6,1434,151,77
"background",269,269,130,225,43,1785,174,99
"background",270,270,117,218,28,1049,105,65
"background",271,271,73,185,-23,3169,315,199
"background",272,272,46,171,-56,1301,120,84
"background",273,273,77,177,-10,1098,107,59
"background",274,274,122,224,34,1154,149,55
"background",275,275,107,206,24,1970,222,95
"background",276,276,128,231,34,1630,168,98
"background",277,277,98,194,4,1200,125,74
"background",278,278,94,201,-3,3663,375,236
"background",279,279,98,191,6,889,83,62
"background",280,280,124,224,36,1166,117,70
"background",281,281,118,215,24,1624,165,78
"background",282,282,81,205,-27,1304,131,72
"background",283,283,112,211,12,583,61,31
"background",284,284,94,188,4,2228,225,116
"background",285,285,126,226,40,982,120,49
"background",286,286,135,234,43,1757,191,97
"background",287,287,69,169,-19,2783,283,135
"background",288,288,94,192,0,791,77,48
"background",289,289,65,178,-33,971,92,71
"background",290,290,101,205,12,1519,154,83
"background",291,291,67,193,-40,978,95,66
"background",292,292,121,223,32,1634,182,81
"background",293,293,98,199,2,864,91,51
"background",294,294,94,191,7,1166,126,73
"background",295,295,132,234,38,1088,132,56
"background",296,296,85,185,-4,2136,200,146
"background",297,297,117,220,26,1568,189,82
"background",298,298,119,225,24,1494,141,95
"background",299,299,82,204,-25,636,61,43
"background",300,300,117,221,24,1910,197,106
"background",301,301,132,237,37,1357,144,79
"background",302,302,119,217,23,1641,168,79
"background",303,303,152,240,77,1829,209,110
"background",304,304,155,243,83,1581,178,99
"background",305,305,64,180,-35,3579,356,195
"background",306,306,91,205,-13,458,52,27
"background",307,307,85,209,-23,1153,114,66
"background",308,308,67,167,-22,1769,175,95
"background",309,309,153,241,71,1231,140,76
"background",310,310,133,224,58,2183,257,123
"background",311,311,131,226,43,2148,233,112
"background",312,312,134,236,38,1438,150,93
"background",313,313,113,212,12,683,65,42
"background",314,314,92,210,-15,779,73,53
"background",315,315,58,180,-44,4060,398,230
"background",316,316,81,190,-8,2428,253,131
"background",317,317,50,158,-43,2960,292,152
"background",318,318,129,223,44,1203,117,74
"background",319,319,91,201,-5,1248,132,75
"background",320,320,121,212,42,1456,155,74
"background",321,321,155,242,76,1242,151,78
"background",322,322,43,166,-57,2711,264,146
"background",323,323,114,214,15,751,72,51
"background",324,324,130,231,38,1170,142,61
"background",325,325,97,201,-2,956,99,59
"background",326,326,99,191,8,2015,204,106
"background",327,327,115,213,14,659,64,39
"background",328,328,68,190,-35,3658,366,214
"background",329,329,96,186,11,1749,170,119
"background",330,330,114,220,21,2300,255,126
"background",331,331,127,227,29,903,95,45
"background",332,332,101,211,5,1889,185,128
"background",333,333,30,155,-67,3062,295,184
"background",334,334,94,203,-2,1241,128,76
"background",335,335,129,233,33,1117,129,57
"background",336,336,136,231,49,1802,189,114
"background",337,337,112,215,22,1209,120,70
"background",338,338,93,198,-4,1083,110,70
"background",339,339,151,240,69,1440,169,92
"background",340,340,113,219,21,2289,266,130
"background",341,341,101,211,7,1793,179,119
"background",342,342,68,187,-34,1014,99,73
"background",343,343,87,199,-11,972,96,63
"background",344,344,94,216,-15,806,81,46
"background",345,345,126,219,41,2045,200,115
"background",346,346,137,238,42,1249,129,82
"background",347,347,92,201,-10,911,87,62
"background",348,348,127,232,30,1405,154,73
"background",349,349,35,157,-60,2407,230,150
"background",350,350,126,231,31,1803,193,102
"background",351,351,115,215,15,699,70,47
"background",352,352,127,229,35,1189,141,66
"background",353,353,97,189,6,923,93,61
"background",354,354,107,210,6,632,66,34
"background",355,355,54,173,-42,2260,222,140
"background",356,356,147,239,61,1261,140,76
"background",357,357,116,221,21,2147,221,140
"background",358,358,78,176,-11,2602,264,133
"background",359,359,97,205,-4,882,93,53
"background",360,360,58,181,-46,1079,99,68
"background",361,361,44,169,-58,3028,294,168
"background",362,362,99,209,4,2019,201,131
"background",363,363,63,188,-40,2360,234,138
"background",364,364,131,228,41,2092,225,104
"background",365,365,128,226,40,2678,287,160
"background",366,366,113,213,25,1354,133,77
"background",367,367,122,226,30,2286,273,127
"background",368,368,113,214,24,1544,153,86
"background",369,369,113,218,20,1909,198,106
"background",370,370,114,219,18,2053,208,131
"background",371,371,43,160,-54,3149,310,165
"background",372,372,64,184,-38,982,96,71
"background",373,373,30,157,-70,3183,306,181
"background",374,374,69,171,-20,1546,151,82
"background",375,375,98,185,10,1149,115,68
"background",376,376,124,230,28,1389,135,90
"background",377,377,153,240,72,1140,131,67
"background",378,378,67,167,-19,2072,193,144
"background",379,379,138,241,44,1612,199,86
"background",380,380,113,202,23,3656,375,218
"background",381,381,128,230,32,970,106,58
"background",382,382,66,168,-25,2102,211,107
"background",383,383,104,203,8,1437,144,71
"background",384,384,122,218,36,1584,155,91
"background",385,385,91,197,-7,552,60,34
"background",386,386,148,237,71,1753,209,103
"background",387,387,124,226,32,1184,136,68
"background",388,388,120,222,31,1220,158,58
"background",389,389,96,197,-1,1361,146,74
"background",390,390,89,209,-19,573,56,39
"background",391,391,113,221,19,1564,154,94
"background",392,392,83,182,-9,1468,146,77
"background",393,393,59,161,-28,1375,137,73
"background",394,394,105,200,13,925,96,58
"background",395,395,153,241,71,1272,145,83
"background",396,396,58,170,-34,2343,225,149
"background",397,397,150,238,75,1893,222,108
"background",398,398,126,232,28,1201,116,87
"background",399,399,118,218,21,921,95,49
"background",400,400,77,177,-10,1271,132,64
"background",401,401,78,181,-11,2163,201,146
"background",402,402,112,211,10,734,71,46
"background",403,403,106,205,7,882,83,62
"background",404,404,86,183,-5,1030,96,72
"background",405,405,93,191,2,1069,111,61
"background",406,406,115,208,36,1700,184,84
"background",407,407,124,211,34,2264,216,119
"background",408,408,90,212,-18,1671,169,94
"background",409,409,83,203,-24,617,61,43
"background",410,410,97,194,5,1158,127,75
"background",411,411,142,239,48,1559,162,97
"background",412,412,92,192,2,2738,261,183
"background",413,413,-8,118,-101,4305,406,239
"background",414,414,97,196,3,1583,157,79
"background",415,415,32,156,-67,3123,301,170
"background",416,416,111,216,18,2080,216,114
"background",417,417,130,221,45,1350,145,83
"background",418,418,96,195,3,1115,124,75
"background",419,419,111,210,12,832,79,56
"background",420,420,69,187,-30,2517,251,152
"background",421,421,97,208,-7,901,92,52
"background",422,422,80,184,-17,1787,181,93
"background",423,423,95,188,4,1364,141,88
"background",424,424,95,194,1,1546,153,77
"background",425,425,115,211,30,2313,233,126
"background",426,426,94,189,3,2765,280,133
"background",427,427,108,199,16,1820,186,97
"background",428,428,67,193,-39,2398,237,138
"background",429,429,115,215,27,1811,179,98
"background",430,430,143,235,58,1310,145,79
"background",431,431,94,187,4,1047,100,73
"background",432,432,129,220,44,1712,175,102
"background",433,433,118,214,32,1773,175,99
"background",434,434,80,186,-12,3043,297,197
"background",435,435,116,205,23,3479,346,223
"background",436,436,114,221,11,4363,448,286
"background",437,437,104,204,4,889,81,55
"background",438,438,111,199,22,2406,236,133
"background",439,439,132,222,48,1170,125,72
"background",440,440,73,175,-15,2177,201,149
"background",441,441,84,202,-20,848,86,57
"background",442,442,122,215,42,1274,151,59
"background",443,443,30,154,-69,3621,350,199
"background",444,444,95,190,3,1927,198,106
"background",445,445,86,203,-17,4419,441,268
"background",446,446,92,201,-1,2156,218,132
"background",447,447,114,218,22,1729,175,94
"background",448,448,85,204,-19,831,82,56
"background",449,449,161,245,91,996,119,59
"background",450,450,94,190,2,1737,178,100
"background",451,451,124,224,25,1041,109,53
"background",452,452,107,202,18,916,100,58
"background",453,453,125,219,39,2098,205,117
"background",454,454,61,164,-22,5727,622,286
"background",455,455,161,248,89,1247,150,76
"background",456,456,76,175,-13,2183,220,113
"background",457,457,113,209,25,845,96,41
"background",458,458,124,210,49,1239,139,61
"background",459,459,109,216,14,2083,210,131
"background",460,460,89,197,0,1426,144,86
"background",461,461,121,228,26,1617,177,100
"background",462,462,104,190,17,844,80,56
"background",463,463,154,242,75,1418,167,89
"background",464,464,87,196,-8,1344,129,86
"background",465,465,58,179,-40,3463,343,207
"background",466,466,56,176,-41,3302,326,199
"background",467,467,88,197,-12,1084,111,63
"background",468,468,95,187,10,2172,207,152
"background",469,469,104,193,15,715,75,46
"background",470,470,111,207,14,599,63,33
"background",471,471,119,204,30,2959,291,169
"background",472,472,101,201,2,958,94,62
"background",473,473,114,212,14,670,64,40
"background",474,474,127,232,33,1676,196,94
"background",475,475,88,199,-9,951,96,60
"background",476,476,94,214,-14,618,60,38
"background",477,477,95,191,2,1615,165,94
"background",478,478,98,196,8,2327,223,158
"background",479,479,75,192,-24,1058,101,73
"background",480,480,135,237,42,2151,262,119
"background",481,481,71,183,-29,868,84,62
"background",482,482,139,238,45,1442,153,85
"background",483,483,56,159,-30,1627,163,84
"background",484,484,118,222,28,1277,160,64
"background",485,485,92,202,-4,1272,124,80
"background",486,486,64,166,-23,1336,132,71
"background",487,487,92,176,10,1410,141,91
"background",488,488,139,230,54,1613,160,103
"background",489,489,130,233,36,911,105,55
"background",490,490,73,173,-14,2312,214,159
"background",491,491,109,208,14,1071,108,55
"background",492,492,152,240,72,1245,144,81
"background",493,493,108,209,7,855,84,51
"background",494,494,150,238,69,1384,160,92
"background",495,495,138,232,51,2299,254,145
"background",496,496,101,191,13,2754,269,145
"background",497,497,88,184,-3,1860,189,103
"background",498,498,93,203,-9,605,65,34
"background",499,499,42,153,-50,3392,334,174
"background",500,500,97,199,2,988,127,55
"background",501,501,99,206,1,3989,407,260
"background",502,502,76,182,-16,3180,311,205
"background",503,503,156,244,75,1713,211,100
"background",504,504,148,248,57,1737,212,89
"background",505,505,122,230,25,1225,122,80
"background",506,506,113,213,18,1212,127,59
"background",507,507,101,214,-2,4209,423,262
"background",508,508,63,184,-36,1264,121,83
"background",509,509,85,180,-5,2521,252,128
"background",510,510,107,202,13,579,62,35
"background",511,511,110,205,15,591,63,35
"background",512,512,139,239,44,1213,125,81
"background",513,513,96,206,-3,911,93,57
"background",514,514,85,181,-4,2516,252,128
"background",515,515,58,184,-46,2855,280,163
"background",516,516,129,235,31,1567,166,84
"background",517,517,52,167,-45,2471,245,129
"background",518,518,85,205,-21,762,78,51
"background",519,519,117,220,28,1575,187,81
"background",520,520,106,210,16,1126,114,68
"background",521,521,125,230,32,1912,230,111
"background",522,522,118,216,22,652,64,46
"background",523,523,77,180,-12,2751,257,184
"background",524,524,89,212,-20,984,101,52
"background",525,525,127,213,37,1991,199,107
"background",526,526,98,218,-10,676,67,41
"background",527,527,89,187,-4,1110,116,72
"background",528,528,113,221,16,1635,160,115
"background",529,529,146,235,71,1948,227,115
"background",530,530,112,214,13,824,106,49
"background",531,531,140,244,46,1411,175,73
"background",532,532,107,211,18,1822,184,99
"background",533,533,68,183,-32,833,82,54
"background",534,534,120,226,23,1412,140,100
"background",535,535,94,201,4,1803,192,107
"background",536,536,51,165,-45,3190,317,166
"background",537,537,83,192,-11,1772,175,112
"background",538,538,61,175,-37,3323,332,175
"background",539,539,111,218,16,2068,208,130
"background",540,540,145,242,51,1407,147,91
"background",541,541,92,185,1,1408,146,92
"background",542,542,89,184,-3,1293,136,84
"background",543,543,48,173,-54,2814,273,156
"background",544,544,139,235,48,2266,248,135
"background",545,545,65,166,-24,2066,206,107
"background",546,546,118,211,28,792,81,54
"background",547,547,111,213,22,1107,111,68
"background",548,548,122,227,26,2078,220,141
"background",549,549,154,241,76,1399,172,79
"background",550,550,116,225,20,1330,131,88
"background",551,551,117,220,29,1600,179,81
"background",552,552,97,204,-3,925,93,59
"background",553,553,113,200,23,3673,365,212
"background",554,554,68,170,-18,2117,196,146
"background",555,555,140,239,47,1395,146,85
"background",556,556,85,187,-5,1508,145,104
"background",557,557,136,225,52,1319,146,82
"background",558,558,87,197,-9,1144,109,78
"background",559,559,144,241,51,1177,122,77
"background",560,560,113,218,21,1668,168,94
"background",561,561,153,241,74,1742,204,105
"background",562,562,118,224,24,1583,155,95
"background",563,563,92,178,8,1371,137,87
"background",564,564,78,178,-11,1287,128,72
"background",565,565,148,237,65,1364,155,84
"background",566,566,145,234,69,1946,236,109
"background",567,567,118,225,15,4204,438,273
"background",568,568,140,239,47,1359,142,84
"background",569,569,45,150,-41,2069,205,106
"background",570,570,114,216,25,1074,108,66
"background",571,571,118,224,22,1625,162,108
"background",572,572,130,234,33,1164,133,66
"background",573,573,61,174,-33,2822,278,177
"background",574,574,54,163,-35,2369,217,156
"background",575,575,145,235,61,1181,133,73
"background",576,576,102,212,7,1787,173,122
"background",577,577,88,201,-14,918,94,59
"background",578,578,99,192,7,1072,110,63
"background",579,579,86,212,-23,802,80,52
"background",580,580,125,217,40,1560,161,91
"background",581,581,84,199,-16,968,94,65
"background",582,582,126,229,32,1722,179,108
"background",583,583,52,174,-49,1081,100,72
"background",584,584,91,196,-7,3386,342,190
"background",585,585,127,229,36,1206,146,62
"background",586,586,121,224,33,1214,156,59
"background",587,587,102,207,13,1175,117,67
"background",588,588,116,223,19,1728,177,99
"background",589,589,94,195,-1,708,73,42
"background",590,590,70,178,-20,2038,189,134
"background",591,591,136,237,41,1403,143,90
"background",592,592,140,235,51,1490,161,89
"background",593,593,114,216,15,662,81,40
"background",594,594,90,203,-12,887,91,57
"background",595,595,121,214,41,1230,145,58
"background",596,596,64,168,-24,2061,189,140
"background",597,597,113,221,17,1535,149,108
"background",598,598,89,202,-10,936,93,61
"background",599,599,47,173,-54,2723,266,160
"background",600,600,102,225,-10,550,60,38
"background",601,601,124,231,28,1655,173,95
"background",602,602,124,213,39,854,89,57
"background",603,603,145,241,51,1448,149,92
"background",604,604,42,166,-56,1641,154,105
"background",605,605,89,200,-13,1444,150,75
"background",606,606,160,246,89,1085,125,67
"background",607,607,144,238,55,1616,172,102
"background",608,608,127,215,51,1546,183,71
"background",609,609,63,166,-27,1693,167,88
"background",610,610,139,240,45,1231,127,80
"background",611,611,92,206,-12,695,74,42
"background",612,612,70,194,-36,2714,268,154
"background",613,613,125,217,50,2322,269,132
"background",614,614,137,232,48,1782,196,96
"background",615,615,162,248,89,1175,141,70
"background",616,616,91,195,-2,1238,121,86
"background",617,617,122,224,21,4321,440,282
"background",618,618,160,247,84,1576,179,99
"background",619,619,149,239,66,1313,144,73
"background",620,620,84,199,-19,638,67,39
"background",621,621,108,202,19,1070,119,67
"background",622,622,74,189,-23,1361,136,86
"background",623,623,114,201,24,3542,357,207
"background",624,624,124,227,35,1160,148,57
"background",625,625,130,231,36,914,104,55
"background",626,626,93,186,7,2227,212,157
"background",627,627,105,215,4,4105,415,260
"background",628,628,99,214,-8,656,68,42
"background",629,629,96,206,1,2402,252,158
"background",630,630,74,175,-17,3011,305,156
"background",631,631,76,201,-31,1422,140,78
"background",632,632,64,170,-25,1878,173,127
"background",633,633,105,198,14,1790,184,97
"background",634,634,147,240,60,2030,227,130
"background",635,635,153,240,72,1148,132,68
"background",636,636,102,207,1,587,64,31
"background",637,637,144,239,54,1365,142,87
"background",638,638,128,221,40,1257,138,62
"background",639,639,120,205,29,3028,291,199
"background",640,640,125,227,36,1287,145,69
"background",641,641,73,178,-23,1885,185,101
"background",642,642,86,202,-18,737,76,47
"background",643,643,122,229,25,1355,133,92
"background",644,644,78,185,-16,2896,288,185
"background",645,645,71,190,-28,1637,163,100
"background",646,646,75,196,-27,1022,98,69
"background",647,647,127,214,45,893,100,57
"background",648,648,139,241,44,1560,168,90
"background",649,649,125,220,43,1174,140,56
"background",650,650,116,216,19,1479,155,71
"background",651,651,116,215,16,732,71,49
"background",652,652,45,171,-57,1344,124,86
"background",653,653,125,231,28,1235,120,89
"background",654,654,134,236,37,1777,182,122
"background",655,655,156,243,83,1856,213,108
"background",656,656,116,215,29,2708,285,137
"background",657,657,93,191,0,795,78,53
"background",658,658,130,236,34,1562,178,81
"background",659,659,93,192,0,1130,121,77
"background",660,660,152,240,71,1294,148,86
"background",661,661,94,181,10,1285,129,80
"background",662,662,125,219,40,1991,195,112
"background",663,663,58,161,-31,2128,210,110
"background",664,664,155,243,82,1664,179,108
"background",665,665,86,173,3,1396,139,90
"background",666,666,152,240,70,1204,138,72
"background",667,667,115,215,27,1194,115,71
"background",668,668,131,233,37,900,104,52
"background",669,669,134,239,37,1424,149,75
"background",670,670,92,188,5,916,95,56
"background",671,671,86,202,-19,529,59,32
"background",672,672,81,186,-10,3167,306,207
"background",673,673,125,217,41,1617,168,95
"background",674,674,56,180,-47,3927,384,226
"background",675,675,113,222,17,1476,144,97
"background",676,676,118,219,29,1706,186,91
"background",677,677,82,197,-21,739,75,46
"background",678,678,92,212,-12,804,81,54
"background",679,679,130,216,55,1197,141,59
"background",680,680,69,178,-23,2433,234,156
"background",681,681,60,180,-39,2794,277,168
"background",682,682,67,182,-34,1352,132,76
"background",683,683,78,177,-8,2540,237,175
"background",684,684,79,178,-10,1298,126,72
"background",685,685,31,150,-65,3423,333,181
"background",686,686,100,195,6,772,75,46
"background",687,687,119,207,26,3307,327,214
"background",688,688,127,226,37,1677,170,87
"background",689,689,85,185,-3,2646,249,179
"background",690,690,113,210,14,602,62,32
"background",691,691,151,239,68,1244,143,74
"background",692,692,99,196,6,677,69,43
"background",693,693,134,234,38,1827,188,118
"background",694,694,158,245,80,1585,188,95
"background",695,695,120,212,25,3379,332,221
"background",696,696,88,179,2,1315,131,84
"background",697,697,46,174,-57,2408,233,141
"background",698,698,147,239,61,1321,143,84
"background",699,699,153,242,72,1550,190,96
"background",700,700,92,187,1,1117,116,73
"background",701,701,96,196,0,751,75,48
"background",702,702,110,199,19,3538,362,205
"background",703,703,129,235,35,1413,153,81
"background",704,704,134,236,39,1414,147,90
"background",705,705,88,196,-6,1179,111,81
"background",706,706,115,218,23,2866,297,172
"background",707,707,86,204,-19,781,83,51
"background",708,708,133,235,37,874,97,49
"background",709,709,125,230,29,1854,196,112
"background",710,710,116,214,15,652,63,38
"background",711,711,111,199,20,4030,404,233
"background",712,712,125,223,31,1109,115,57
"background",713,713,71,192,-32,3919,384,230
"background",714,714,48,152,-40,2026,198,105
"background",715,715,109,211,6,912,91,51
"background",716,716,131,236,34,1277,143,69
"background",717,717,129,222,44,1222,121,75
"background",718,718,60,166,-28,2242,203,151
"background",719,719,87,179,1,1301,129,83
"background",720,720,132,235,35,1032,121,61
"background",721,721,60,174,-33,2448,240,154
"background",722,722,98,187,8,1098,111,65
"background",723,723,143,243,51,2160,266,116
"background",724,724,84,183,-7,1235,124,68
"background",725,725,146,241,56,2017,225,130
"background",726,726,52,159,-41,2221,215,115
"background",727,727,51,174,-51,1116,103,75
"background",728,728,102,195,9,754,73,47
"background",729,729,142,247,47,1085,131,57
"background",730,730,99,189,8,1334,137,86
"background",731,731,77,179,-13,1268,125,87
"background",732,732,74,190,-24,1094,104,75
"background",733,733,140,242,44,746,83,43
"background",734,734,116,211,16,1232,119,71
"background",735,735,110,215,18,1469,146,94
"background",736,736,65,190,-40,2412,237,137
"background",737,737,130,234,34,1045,122,63
"background",738,738,130,235,32,1430,156,74
"background",739,739,80,206,-28,810,80,55
"background",740,740,99,212,-4,828,85,53
"background",741,741,55,181,-47,3455,341,201
"background",742,742,144,244,47,1488,152,102
"background",743,743,127,231,31,1509,152,90
"background",744,744,106,214,4,3960,389,250
"background",745,745,120,226,23,1602,161,116
"background",746,746,155,242,74,1137,132,71
"background",747,747,69,186,-33,850,84,63
"background",748,748,111,207,21,837,88,56
"background",749,749,90,200,-7,1088,105,73
"background",750,750,71,184,-28,3005,303,159
"background",751,751,131,225,44,1951,192,111
"background",752,752,118,222,29,1231,160,58
"background",753,753,51,168,-45,2737,268,169
"background",754,754,71,177,-24,3363,341,176
"background",755,755,132,227,45,965,93,64
"background",756,756,77,203,-31,868,86,58
"background",757,757,141,240,48,1365,143,83
"background",758,758,135,236,39,1442,148,94
"background",759,759,137,238,40,753,82,44
"background",760,760,104,217,0,4268,440,278
"background",761,761,100,207,7,1656,171,104
"background",762,762,102,205,2,593,65,32
"background",763,763,128,224,40,1778,173,97
"background",764,764,123,211,40,1098,125,72
"background",765,765,88,197,-6,1430,138,91
"background",766,766,134,226,50,980,98,62
"background",767,767,78,205,-30,971,94,61
"background",768,768,142,237,53,1424,152,87
"background",769,769,111,211,11,713,70,45
"background",770,770,52,156,-37,2477,245,126
"background",771,771,125,224,37,1204,121,72
"background",772,772,71,187,-27,1152,109,78
"background",773,773,114,201,26,2257,219,120
"background",774,774,51,175,-51,1258,117,84
"background",775,775,126,232,30,1787,189,108
"background",776,776,80,201,-25,3986,401,234
"background",777,777,97,196,6,1018,101,51
"background",778,778,43,159,-53,3062,301,159
"background",779,779,119,218,31,2580,274,131
"background",780,780,43,163,-54,3703,364,199
"background",781,781,111,207,15,589,63,33
"background",782,782,96,193,2,735,74,48
"background",783,783,52,159,-39,2536,249,130
"background",784,784,32,152,-65,3300,320,176
"background",785,785,116,210,35,1915,207,92
"background",786,786,124,225,35,1596,178,81
"background",787,787,27,148,-69,3655,354,195
"background",788,788,79,188,-20,1427,146,77
"background",789,789,86,185,-7,1606,164,83
"background",790,790,44,166,-56,2947,287,159
"background",791,791,119,220,19,621,66,40
"background",792,792,123,223,31,2331,250,125
"background",793,793,120,218,25,1624,170,77
"background",794,794,50,171,-47,1797,173,113
"background",795,795,130,232,34,2088,221,136
"background",796,796,102,214,-4,523,58,32
"background",797,797,121,227,28,1886,218,112
"background",798,798,80,198,-21,3594,360,216
"background",799,799,57,174,-39,1756,171,111
"background",800,800,143,237,56,1382,151,83
"background",801,801,120,226,26,1545,150,95
"background",802,802,59,166,-34,2942,292,152
"background",803,803,81,181,-11,1420,143,74
"background",804,804,99,197,4,806,82,47
"background",805,805,107,210,6,631,65,34
"background",806,806,99,192,6,1103,112,66
"background",807,807,96,182,10,1179,119,71
"background",808,808,130,230,38,2412,251,141
"background",809,809,75,186,-16,2612,279,161
"background",810,810,118,203,27,3252,313,197
"background",811,811,76,186,-23,839,82,59
"background",812,812,89,187,-3,2169,226,105
"background",813,813,122,217,37,1342,132,80
"background",814,814,125,232,28,1186,118,85
"background",815,815,134,238,37,1309,128,96
"background",816,816,91,199,1,1584,160,92
"background",817,817,132,221,50,1901,194,117
"background",818,818,80,191,-16,1054,101,70
"background",819,819,165,248,93,959,114,57
"background",820,820,88,188,-6,1164,119,66
"background",821,821,97,220,-14,504,57,31
"background",822,822,146,235,68,1880,218,114
"background",823,823,130,234,37,1805,220,98
"background",824,824,155,243,79,1665,194,103
"background",825,825,106,197,15,2336,229,118
"background",826,826,68,182,-28,3408,338,211
"background",827,827,98,217,-11,628,62,39
"background",828,828,67,168,-22,2173,218,112
"background",829,829,133,234,38,1859,192,120
"background",830,830,89,185,2,2102,198,148
"background",831,831,100,205,0,865,93,51
"background",832,832,123,217,24,1592,180,84
"background",833,833,84,187,-10,1231,128,80
"background",834,834,119,217,20,3799,371,254
"background",835,835,123,227,27,2038,217,135
"background",836,836,96,197,12,2114,234,105
"background",837,837,93,192,3,2734,261,184
"background",838,838,151,240,68,1251,140,75
"background",839,839,110,204,27,3557,367,198
"background",840,840,78,203,-30,762,77,53
"background",841,841,98,200,-1,1077,99,64
"background",842,842,118,221,29,1538,176,77
"background",843,843,123,227,27,1781,176,114
"background",844,844,85,184,-3,868,84,50
"background",845,845,86,208,-19,1503,152,88
"background",846,846,80,185,-15,801,78,53
"background",847,847,144,245,48,1462,151,91
"background",848,848,74,195,-32,730,69,50
"background",849,849,128,226,38,1724,175,89
"background",850,850,102,207,5,4718,483,309
"background",851,851,138,237,45,1496,159,86
"background",852,852,121,227,28,1810,210,103
"background",853,853,86,174,1,1287,128,81
"background",854,854,152,240,70,1445,170,93
"background",855,855,119,222,26,1296,135,82
"background",856,856,109,208,14,1641,167,80
"background",857,857,150,241,64,1826,210,113
"background",858,858,54,174,-47,3071,303,165
"background",859,859,77,203,-31,752,76,53
"background",860,860,72,173,-15,1061,105,61
"background",861,861,137,235,45,1564,164,95
"background",862,862,156,244,83,1770,204,102
"background",863,863,108,216,14,2266,245,132
"background",864,864,142,243,51,2340,284,120
"background",865,865,106,205,9,3510,348,214
"background",866,866,88,187,-4,1171,118,63
"background",867,867,77,177,-15,2529,257,130
"background",868,868,42,162,-54,2411,233,149
"background",869,869,77,176,-12,1174,116,65
"background",870,870,133,232,41,1700,184,92
"background",871,871,120,219,35,1240,155,59
"background",872,872,151,243,64,1836,205,116
"background",873,873,117,215,21,1446,154,68
"background",874,874,105,193,19,2789,266,151
"background",875,875,54,180,-49,1574,152,98
"background",876,876,84,189,-9,3264,322,213
"background",877,877,117,211,21,3392,332,219
"background",878,878,111,219,16,1615,151,103
"background",879,879,56,168,-41,2033,199,108
"background",880,880,104,199,18,945,102,54
"background",881,881,149,242,60,2075,242,131
"background",882,882,99,190,8,1101,111,65
"background",883,883,105,194,15,732,78,48
"background",884,884,112,220,17,2001,208,136
"background",885,885,155,242,81,1598,187,89
"background",886,886,125,229,34,1022,124,53
"background",887,887,90,201,-12,509,56,30
"background",888,888,115,215,15,724,71,49
"background",889,889,151,239,77,1866,211,113
"background",890,890,108,208,9,801,76,54
"background",891,891,114,217,24,1096,111,66
"background",892,892,128,221,40,719,84,38
"background",893,893,100,201,1,991,93,66
"background",894,894,104,215,2,3364,338,211
"background",895,895,68,170,-23,2199,222,112
"background",896,896,100,196,10,1037,110,64
"background",897,897,104,195,15,2219,221,115
"background",898,898,123,225,32,1227,132,72
"background",899,899,78,175,-10,3916,386,204
"background",900,900,120,226,25,1694,171,104
"background",901,901,137,238,44,1406,147,84
"background",902,902,74,176,-19,3540,358,185
"background",903,903,58,182,-42,1829,180,111
"background",904,904,119,226,22,1438,141,102
"background",905,905,58,177,-39,3450,341,209
"background",906,906,109,211,21,1850,185,99
"background",907,907,105,211,2,571,63,31
"background",908,908,130,231,39,1068,130,53
"background",909,909,102,211,-2,931,95,54
"background",910,910,94,206,-6,904,91,58
"background",911,911,114,210,28,2204,221,120
"background",912,912,55,176,-45,2957,292,158
"background",913,913,98,195,6,1076,117,70
"background",914,914,150,240,64,1280,138,81
"background",915,915,76,193,-26,706,73,50
"background",916,916,46,173,-57,3233,315,186
"background",917,917,90,185,-1,1995,202,105
"background",918,918,129,230,34,1728,178,110
"background",919,919,72,189,-26,1428,142,90
"background",920,920,107,212,3,892,92,50
"background",921,921,97,190,7,2694,270,143
"background",922,922,114,208,17,1425,143,79
"background",923,923,51,169,-44,2385,233,148
"background",924,924,130,236,35,1430,171,73
"background",925,925,160,247,83,1588,187,96
"background",926,926,121,227,24,1591,162,91
"background",927,927,87,196,-9,990,97,64
"background",928,928,118,222,28,1267,164,59
"background",929,929,52,168,-42,2495,243,156
"background",930,930,60,164,-31,2526,252,128
"background",931,931,93,178,9,1233,123,76
"background",932,932,110,213,21,1727,173,94
"background",933,933,130,232,36,911,104,55
"background",934,934,123,227,27,1671,176,115
"background",935,935,116,212,21,627,62,44
"background",936,936,103,206,17,1963,222,97
"background",937,937,153,240,71,1161,133,68
"background",938,938,99,195,5,1085,112,66
"background",939,939,101,189,12,844,84,58
"background",940,940,118,223,24,2178,243,121
"background",941,941,123,217,39,1689,170,97
"background",942,942,72,198,-33,1938,193,113
"background",943,943,55,173,-41,1700,164,108
"background",944,944,59,161,-29,1600,155,85
"background",945,945,115,223,20,1860,200,119
"background",946,946,123,222,35,1003,99,64
"background",947,947,74,192,-27,1011,97,71
"background",948,948,138,238,45,1424,150,85
"background",949,949,110,218,17,2164,248,126
"background",950,950,162,247,90,1061,122,64
"background",951,951,91,216,-17,815,82,48
"background",952,952,126,216,42,2150,226,130
"background",953,953,40,168,-63,2564,247,148
"background",954,954,119,222,27,1462,181,75
"background",955,955,116,224,20,1433,138,93
"background",956,956,23,147,-74,2687,255,147
"background",957,957,83,199,-21,602,65,41
"background",958,958,118,220,18,655,76,39
"background",959,959,127,220,27,1398,159,78
"background",960,960,66,167,-22,2593,257,128
"background",961,961,140,236,51,1479,159,89
"background",962,962,109,213,18,1076,111,67
"background",963,963,70,182,-24,1684,162,108
"background",964,964,102,197,7,685,69,40
"background",965,965,113,213,13,694,71,42
"background",966,966,52,176,-47,1801,176,111
"background",967,967,98,193,13,1065,118,67
"background",968,968,131,227,46,1208,122,71
"background",969,969,107,198,16,2383,232,120
"background",970,970,83,194,-18,1090,109,64
"background",971,971,160,246,87,1421,147,90
"background",972,972,107,209,4,1040,105,57
"background",973,973,66,189,-35,1249,122,80
"background",974,974,162,248,89,1238,139,80
"background",975,975,86,185,-2,2470,233,170
"background",976,976,137,241,41,1329,165,65
"background",977,977,107,210,18,1210,121,68
"background",978,978,71,173,-16,2383,220,162
"background",979,979,50,163,-40,2591,245,166
"background",980,980,121,225,19,4506,469,290
"background",981,981,79,200,-27,1442,145,76
"background",982,982,151,240,70,1400,162,91
"background",983,983,121,225,25,2023,210,133
"background",984,984,62,171,-28,1860,169,124
"background",985,985,83,179,-5,3012,292,149
"background",986,986,96,198,0,965,96,62
"background",987,987,104,195,14,735,72,49
"background",988,988,94,215,-14,619,61,36
"background",989,989,160,247,87,1501,157,97
"background",990,990,106,209,18,1317,131,74
"background",991,991,37,164,-64,3515,340,199
"background",992,992,111,211,10,594,62,32
"background",993,993,25,150,-71,3074,295,185
"background",994,994,137,237,43,1441,151,87
"background",995,995,151,240,69,1413,165,90
"background",996,996,142,241,49,1231,128,79
"background",997,997,108,211,9,765,94,47
"background",998,998,114,212,13,579,60,31
"background",999,999,125,218,41,1708,173,99
"background",1000,1000,130,231,38,1121,135,58
