"species","x","y","bio01nz","bio05nz","bio06nz","bio12nz","bio13nz","bio14nz"
"species",1,1,109,198,19,4081,407,235
"species",2,2,113,202,22,2421,235,123
"species",3,3,109,200,18,2369,230,120
"species",4,4,105,195,17,2474,241,129
"species",5,5,116,200,29,2750,259,155
"species",6,6,111,198,22,3314,324,182
"species",7,7,115,210,26,1453,157,69
"species",8,8,117,216,18,1652,167,84
"species",9,9,121,217,25,1550,154,76
"species",10,10,100,197,6,2116,224,102
"species",11,11,129,218,36,2453,245,126
"species",12,12,118,210,24,2731,283,133
"species",13,13,121,214,24,1896,208,95
"species",14,14,133,226,47,1961,192,120
"species",15,15,110,204,26,3633,372,200
"species",16,16,119,210,35,3053,311,178
"species",17,17,127,221,41,1973,192,111
"species",18,18,96,202,6,1730,183,98
"species",19,19,127,218,46,1224,128,64
"species",20,20,117,212,35,1829,195,90
"species",21,21,109,207,28,1971,222,93
"species",22,22,112,213,28,1810,203,89
"species",23,23,113,217,23,1679,204,86
"species",24,24,109,211,23,1814,205,90
"species",25,25,131,228,42,2576,277,154
"species",26,26,108,217,12,2097,219,128
"species",27,27,97,207,3,2370,251,149
"species",28,28,101,211,6,2258,237,142
"species",29,29,87,186,4,5402,588,273
"species",30,30,105,200,21,3790,394,203
"species",31,31,87,186,-6,4228,433,226
"species",32,32,117,202,31,2612,246,148
"species",33,33,119,206,30,2072,204,110
"species",34,34,93,185,6,3051,297,159
"species",35,35,111,219,8,4316,439,284
"species",36,36,149,239,65,1666,198,101
"species",37,37,94,181,7,1187,119,72
"species",38,38,96,182,10,1188,119,72
"species",39,39,96,182,10,1170,118,70
"species",40,40,92,179,7,1228,123,76
"species",41,41,91,210,-14,749,77,49
"species",42,42,98,190,7,1151,121,73
"species",43,43,89,185,-3,1347,142,88
"species",44,44,99,202,0,1076,100,63
"species",45,45,113,220,12,4545,469,295
"species",46,46,119,226,16,4492,473,294
"species",47,47,119,227,16,5038,544,334
"species",48,48,119,227,16,4845,520,320
"species",49,49,110,222,5,4351,449,275
"species",50,50,115,224,11,5308,572,350
"species",51,51,119,226,16,4144,436,265
"species",52,52,93,188,2,2080,213,111
"species",53,53,90,186,-1,2142,218,112
"species",54,54,123,210,32,2068,206,109
"species",55,55,131,227,43,2188,237,112
"species",56,56,113,222,11,4124,424,265
"species",57,57,95,187,5,4105,405,222
"species",58,58,121,221,20,4338,431,288
"species",59,59,102,212,7,2235,236,137
"species",60,60,110,219,14,2006,207,125
"species",61,61,116,220,14,4087,408,269
"species",62,62,103,201,7,3298,330,196
"species",63,63,120,207,28,3236,318,211
"species",64,64,96,192,3,3984,399,227
"species",65,65,96,192,3,2206,230,106
"species",66,66,124,225,32,2459,254,146
"species",67,67,117,213,35,2032,223,95
"species",68,68,98,189,12,2280,218,159
"species",69,69,121,212,28,3097,308,153
"species",70,70,124,213,32,2421,238,124
"species",71,71,101,207,10,1266,125,80
"species",72,72,91,209,-14,4130,414,251
"species",73,73,114,202,22,3683,366,237
"species",74,74,104,219,-2,4371,444,272
"species",75,75,115,203,24,4112,412,250
"species",76,76,87,209,-19,3351,340,195
"species",77,77,79,180,-15,3910,398,206
"species",78,78,121,207,28,3156,308,207
"species",79,79,109,199,16,4398,443,260
"species",80,80,89,195,-11,1086,104,75
