"species","x","y","bio01nz","bio05nz","bio06nz","bio12nz","bio13nz","bio14nz"
"background",1,1,129,224,42,2079,208,115
"background",2,2,47,173,-54,1575,150,100
"background",3,3,85,182,-1,1917,182,135
"background",4,4,123,228,27,1592,161,97
"background",5,5,105,197,13,1897,194,102
"background",6,6,94,203,1,1737,176,112
"background",7,7,126,230,34,2023,244,117
"background",8,8,130,232,37,1256,157,61
"background",9,9,99,199,2,1088,113,67
"background",10,10,120,228,25,1638,185,89
"background",11,11,117,226,20,1322,132,88
"background",12,12,85,209,-24,799,76,44
"background",13,13,70,186,-28,1166,110,80
"background",14,14,158,245,79,1676,201,99
"background",15,15,102,203,2,961,88,57
"background",16,16,91,203,-9,936,95,61
"background",17,17,99,190,8,1326,139,85
"background",18,18,127,230,31,1062,117,62
"background",19,19,80,185,-17,1694,174,88
"background",20,20,136,236,43,1675,181,95
"background",21,21,124,215,40,1889,200,113
"background",22,22,97,206,-5,883,89,57
"background",23,23,110,209,10,748,74,48
"background",24,24,144,240,50,1507,154,95
"background",25,25,46,166,-49,1916,183,121
"background",26,26,100,210,5,2049,208,126
"background",27,27,100,198,7,1077,109,57
"background",28,28,137,241,41,1319,162,65
"background",29,29,44,167,-56,1340,123,91
"background",30,30,140,240,46,1317,137,82
"background",31,31,116,213,22,629,62,44
"background",32,32,91,175,8,1365,137,87
"background",33,33,133,224,49,1923,190,118
"background",34,34,119,204,31,2252,216,122
"background",35,35,69,182,-30,1059,101,76
"background",36,36,124,226,32,1420,140,82
"background",37,37,77,176,-10,1039,107,59
"background",38,38,93,187,2,2194,223,115
"background",39,39,62,165,-25,2283,209,155
"background",40,40,99,190,8,1077,111,63
"background",41,41,39,162,-60,3182,309,173
"background",42,42,136,241,38,1282,140,66
"background",43,43,53,163,-37,2109,192,139
"background",44,44,119,217,31,2422,247,124
"background",45,45,130,227,41,2234,243,115
"background",46,46,127,219,46,1257,148,58
"background",47,47,100,202,2,719,76,41
"background",48,48,76,186,-13,2252,244,135
"background",49,49,126,220,38,1320,150,62
"background",50,50,111,212,22,1175,115,68
"background",51,51,91,186,4,2568,243,180
"background",52,52,161,247,89,1122,130,67
"background",53,53,83,204,-24,694,73,46
"background",54,54,150,238,75,1881,219,110
"background",55,55,79,188,-11,2406,252,137
"background",56,56,113,221,18,2118,225,129
"background",57,57,44,171,-58,3109,303,180
"background",58,58,124,225,32,1564,157,85
"background",59,59,125,221,37,1971,194,104
"background",60,60,145,238,57,2123,237,135
"background",61,61,121,216,20,1116,109,65
"background",62,62,127,219,42,1980,194,112
"background",63,63,88,178,2,1258,125,79
"background",64,64,83,206,-24,2291,230,130
"background",65,65,100,207,10,2772,322,154
"background",66,66,52,165,-39,1861,171,123
"background",67,67,135,223,50,1246,134,78
"background",68,68,65,172,-25,2473,230,162
"background",69,69,119,218,35,1674,187,82
"background",70,70,108,217,12,1920,194,132
"background",71,71,69,192,-36,1330,129,73
"background",72,72,81,191,-9,2433,253,141
"background",73,73,118,219,17,626,68,40
"background",74,74,40,167,-62,2979,288,170
"background",75,75,145,242,52,1615,170,105
"background",76,76,133,237,36,1199,134,64
"background",77,77,64,190,-41,1066,102,71
"background",78,78,97,188,8,3609,354,193
"background",79,79,125,212,44,887,97,57
"background",80,80,153,241,73,1805,218,106
"background",81,81,120,205,31,2712,260,158
"background",82,82,88,208,-20,527,59,33
"background",83,83,125,213,50,1217,143,59
"background",84,84,107,209,7,594,64,31
"background",85,85,106,201,11,2159,230,103
"background",86,86,74,176,-19,2041,203,107
"background",87,87,97,200,-1,546,61,34
"background",88,88,150,238,68,1243,142,74
"background",89,89,36,160,-65,2784,268,153
"background",90,90,158,244,80,1684,199,100
"background",91,91,120,208,27,3268,325,212
"background",92,92,81,195,-21,1447,148,75
"background",93,93,113,222,17,1450,139,102
"background",94,94,117,216,19,3989,390,265
"background",95,95,120,223,28,1443,143,85
"background",96,96,51,177,-52,3296,322,188
"background",97,97,133,238,35,1481,154,78
"background",98,98,93,188,2,2820,286,151
"background",99,99,158,245,80,1646,195,99
"background",100,100,133,237,37,1048,124,54
"background",101,101,81,182,-13,2729,276,145
"background",102,102,141,245,44,1289,133,69
"background",103,103,151,240,67,1332,146,82
"background",104,104,134,230,48,913,95,56
"background",105,105,69,182,-25,1620,156,105
"background",106,106,81,179,-9,1568,157,84
"background",107,107,76,186,-14,2612,275,148
"background",108,108,123,226,27,1183,130,72
"background",109,109,62,185,-39,1113,105,76
"background",110,110,144,234,61,1301,145,76
"background",111,111,96,208,-6,871,90,55
"background",112,112,150,243,61,1750,189,111
"background",113,113,104,204,10,1358,139,66
"background",114,114,118,219,18,680,82,40
"background",115,115,54,172,-41,2980,293,183
"background",116,116,48,170,-50,3110,305,186
"background",117,117,61,163,-28,2792,279,142
"background",118,118,98,196,4,968,99,62
"background",119,119,51,165,-42,2545,245,161
"background",120,120,51,171,-46,2942,289,178
"background",121,121,163,247,92,977,116,58
"background",122,122,54,169,-39,2647,258,166
"background",123,123,138,232,50,1738,189,94
"background",124,124,100,207,7,1639,167,105
"background",125,125,141,241,47,1211,125,79
"background",126,126,159,246,83,1601,184,100
"background",127,127,79,206,-29,1076,105,66
"background",128,128,66,185,-33,3087,307,186
"background",129,129,140,241,49,2352,287,124
"background",130,130,156,244,78,1701,201,102
"background",131,131,115,213,15,671,68,40
"background",132,132,116,215,18,1316,138,64
"background",133,133,108,211,9,765,94,47
"background",134,134,104,228,-8,518,58,34
"background",135,135,126,231,31,1602,173,97
"background",136,136,97,192,4,1796,186,102
"background",137,137,135,229,48,1795,187,101
"background",138,138,92,192,0,1262,127,88
"background",139,139,117,221,28,1266,165,59
"background",140,140,117,213,20,3626,355,236
"background",141,141,85,205,-21,762,78,51
"background",142,142,138,240,40,853,95,50
"background",143,143,116,213,31,1504,149,87
"background",144,144,110,208,12,586,63,32
"background",145,145,97,195,1,3197,323,184
"background",146,146,57,159,-31,1858,181,97
"background",147,147,90,198,-8,1052,105,69
"background",148,148,102,212,-2,867,93,49
"background",149,149,74,175,-17,3011,305,156
"background",150,150,124,226,30,2324,233,146
"background",151,151,86,205,-21,545,62,33
"background",152,152,132,230,42,1774,187,92
"background",153,153,159,246,83,1591,184,100
"background",154,154,151,240,67,1198,132,71
"background",155,155,66,193,-40,1513,147,91
"background",156,156,124,224,35,972,96,61
"background",157,157,119,222,25,1262,134,84
"background",158,158,127,232,31,1852,195,113
"background",159,159,105,203,11,720,74,48
"background",160,160,141,235,54,1468,157,91
"background",161,161,123,213,45,1539,183,70
"background",162,162,120,227,23,1383,136,96
"background",163,163,83,200,-20,891,90,60
"background",164,164,141,235,54,1468,156,92
"background",165,165,117,217,17,685,68,46
"background",166,166,85,181,-5,2349,236,119
"background",167,167,137,242,42,1255,151,66
"background",168,168,68,179,-29,2435,248,126
"background",169,169,74,180,-17,1552,145,106
"background",170,170,97,191,10,2476,236,173
"background",171,171,93,199,-2,964,95,62
"background",172,172,140,240,46,1262,133,82
"background",173,173,102,195,8,704,69,43
"background",174,174,37,144,-50,2354,232,120
"background",175,175,120,223,27,2412,243,151
"background",176,176,132,235,35,1032,121,61
"background",177,177,123,225,34,1426,162,74
"background",178,178,112,206,22,911,96,61
"background",179,179,145,245,49,1323,136,92
"background",180,180,46,167,-54,3588,351,196
"background",181,181,161,245,90,1029,121,62
"background",182,182,124,221,23,1554,152,86
"background",183,183,127,229,35,1175,140,65
"background",184,184,133,232,38,2061,207,130
"background",185,185,117,220,26,1558,182,85
"background",186,186,50,154,-36,1555,161,82
"background",187,187,84,180,-5,2637,261,132
"background",188,188,98,190,8,2336,234,121
"background",189,189,91,190,1,1042,104,53
"background",190,190,63,184,-40,878,85,62
"background",191,191,127,218,43,1615,176,98
"background",192,192,105,206,7,622,66,33
"background",193,193,136,237,44,2175,262,111
"background",194,194,153,242,69,1202,132,80
"background",195,195,107,207,13,1005,132,55
"background",196,196,139,243,41,1283,135,68
"background",197,197,114,217,21,1574,158,95
"background",198,198,120,220,20,4243,417,283
"background",199,199,117,212,20,3518,345,228
"background",200,200,122,227,28,2048,224,113
"background",201,201,129,233,33,1117,129,57
"background",202,202,159,246,84,1439,167,81
"background",203,203,51,174,-51,3472,339,192
"background",204,204,108,217,12,2016,207,123
"background",205,205,115,213,15,642,62,37
"background",206,206,111,217,17,1854,194,105
"background",207,207,147,239,61,1306,143,82
"background",208,208,128,227,37,2842,303,163
"background",209,209,91,207,-14,449,52,26
"background",210,210,132,233,38,1540,159,92
"background",211,211,118,201,33,2434,228,141
"background",212,212,77,193,-26,1022,96,67
"background",213,213,121,225,31,1159,142,61
"background",214,214,114,200,24,3403,330,197
"background",215,215,86,185,-7,929,86,65
"background",216,216,108,214,15,1843,186,104
"background",217,217,133,224,48,1984,193,123
"background",218,218,100,191,9,1163,117,70
"background",219,219,87,196,-5,1993,207,125
"background",220,220,111,205,15,1436,147,83
"background",221,221,93,179,7,1208,121,73
"background",222,222,138,241,42,866,100,47
"background",223,223,124,215,40,1672,180,99
"background",224,224,141,238,51,1442,157,87
"background",225,225,145,246,49,1414,147,86
"background",226,226,112,207,16,2101,227,102
"background",227,227,145,234,69,1861,221,109
"background",228,228,123,217,33,1274,136,63
"background",229,229,93,190,-2,1267,135,81
"background",230,230,57,174,-43,1028,97,75
"background",231,231,105,203,14,953,99,47
"background",232,232,108,199,16,591,62,37
"background",233,233,135,240,38,1531,171,81
"background",234,234,120,223,29,1397,172,72
"background",235,235,89,199,-12,654,70,37
"background",236,236,85,182,-5,2288,230,117
"background",237,237,148,241,60,1986,218,127
"background",238,238,125,225,34,2255,243,119
"background",239,239,97,211,-7,799,82,51
"background",240,240,118,217,31,2362,241,120
"background",241,241,90,207,-15,786,81,49
"background",242,242,133,222,48,1205,128,75
"background",243,243,131,227,45,946,93,59
"background",244,244,107,209,6,588,64,31
"background",245,245,110,207,13,586,63,32
"background",246,246,93,208,-9,3167,319,194
"background",247,247,74,177,-20,2664,267,140
"background",248,248,104,204,6,944,86,65
"background",249,249,64,178,-31,3364,332,210
"background",250,250,122,224,32,1435,160,81
"background",251,251,69,169,-16,2267,209,157
"background",252,252,72,180,-18,1703,156,114
"background",253,253,32,159,-69,1782,165,109
"background",254,254,113,217,22,1661,167,93
"background",255,255,84,203,-20,4540,454,273
"background",256,256,115,216,26,1647,163,91
"background",257,257,130,235,32,1430,156,74
"background",258,258,116,210,21,3337,327,214
"background",259,259,141,240,47,1251,130,79
"background",260,260,105,211,13,1973,201,108
"background",261,261,72,197,-32,1549,153,92
"background",262,262,90,188,1,1751,167,121
"background",263,263,122,204,37,2362,219,140
"background",264,264,119,218,30,1081,107,67
"background",265,265,151,242,66,1247,133,75
"background",266,266,132,226,47,957,93,63
"background",267,267,114,215,27,1797,196,92
"background",268,268,110,211,9,805,80,47
"background",269,269,41,147,-46,2400,233,122
"background",270,270,65,169,-23,2008,185,137
"background",271,271,65,166,-24,2066,206,107
"background",272,272,88,183,2,2111,199,150
"background",273,273,88,214,-21,765,77,48
"background",274,274,92,209,-12,4867,487,299
"background",275,275,120,216,22,1682,167,85
"background",276,276,91,200,-2,2042,214,129
"background",277,277,138,239,46,2179,257,110
"background",278,278,93,195,-3,1108,116,68
"background",279,279,78,170,-8,1339,131,87
"background",280,280,105,213,9,1759,179,110
"background",281,281,63,189,-40,1589,156,96
"background",282,282,73,193,-32,1796,180,94
"background",283,283,96,197,13,2104,233,104
"background",284,284,112,200,22,3691,374,214
"background",285,285,100,192,11,2222,223,115
"background",286,286,97,210,-7,939,91,57
"background",287,287,145,237,59,1314,146,79
"background",288,288,94,215,-15,711,70,42
"background",289,289,54,163,-36,1840,168,124
"background",290,290,149,241,64,1368,144,90
"background",291,291,67,190,-38,844,83,60
"background",292,292,150,239,67,1414,162,92
"background",293,293,118,219,18,650,74,38
"background",294,294,106,210,16,1126,114,68
"background",295,295,127,229,33,1705,175,101
"background",296,296,25,150,-71,3327,320,199
"background",297,297,149,237,68,1235,141,73
"background",298,298,64,166,-23,1251,122,68
"background",299,299,142,240,47,1529,160,97
"background",300,300,121,222,34,1187,151,57
"background",301,301,132,228,46,915,90,57
"background",302,302,66,172,-23,1983,181,133
"background",303,303,86,209,-20,2170,220,125
"background",304,304,79,204,-29,722,73,50
"background",305,305,80,191,-21,1101,108,68
"background",306,306,78,200,-27,2767,279,161
"background",307,307,84,207,-24,1662,167,93
"background",308,308,122,218,36,2387,237,129
"background",309,309,103,221,-4,2341,242,135
"background",310,310,112,220,16,1945,199,131
"background",311,311,114,218,23,2687,319,144
"background",312,312,85,205,-21,700,73,47
"background",313,313,73,198,-33,966,95,63
"background",314,314,124,226,29,2280,237,146
"background",315,315,142,243,46,1548,157,107
"background",316,316,86,208,-22,600,66,38
"background",317,317,83,179,-6,2686,266,136
"background",318,318,50,177,-53,2627,257,154
"background",319,319,110,217,17,1720,173,99
"background",320,320,155,242,76,1390,162,89
"background",321,321,76,197,-29,1379,138,73
"background",322,322,112,207,21,810,82,56
"background",323,323,81,188,-18,1189,116,72
"background",324,324,133,224,58,2160,254,120
"background",325,325,120,219,21,657,67,45
"background",326,326,145,241,50,1438,152,90
"background",327,327,152,240,70,1387,161,88
"background",328,328,76,187,-14,2650,278,155
"background",329,329,139,241,41,955,109,55
"background",330,330,61,188,-45,1597,155,97
"background",331,331,131,229,43,1151,117,73
"background",332,332,153,241,75,1252,152,77
"background",333,333,138,230,54,2002,233,126
"background",334,334,92,200,-5,950,96,60
"background",335,335,32,152,-65,3300,320,176
"background",336,336,105,191,18,777,81,51
"background",337,337,38,161,-61,3919,381,217
"background",338,338,108,214,15,1951,204,108
"background",339,339,92,203,-2,2310,236,152
"background",340,340,111,210,10,729,69,46
"background",341,341,108,199,16,4426,445,261
"background",342,342,142,240,49,1354,143,82
"background",343,343,63,165,-21,1195,128,65
"background",344,344,89,191,-8,1113,112,59
"background",345,345,76,194,-28,735,76,52
"background",346,346,121,216,37,2008,201,113
"background",347,347,119,217,22,661,65,46
"background",348,348,118,213,20,1162,113,70
"background",349,349,107,198,16,1858,188,98
"background",350,350,125,231,30,1597,173,97
"background",351,351,40,153,-53,3229,316,167
"background",352,352,116,215,29,2708,285,137
"background",353,353,80,201,-27,631,66,42
"background",354,354,116,223,21,2058,221,119
"background",355,355,115,214,14,674,69,40
"background",356,356,95,198,-3,593,63,35
"background",357,357,113,212,13,688,66,42
"background",358,358,120,226,24,1416,153,84
"background",359,359,142,238,51,1424,154,86
"background",360,360,113,218,20,1909,198,106
"background",361,361,159,246,82,1589,185,99
"background",362,362,157,244,84,1795,203,109
"background",363,363,121,216,36,2036,201,113
"background",364,364,127,230,32,1325,164,66
"background",365,365,148,237,65,1310,147,77
"background",366,366,121,219,34,2542,267,129
"background",367,367,115,203,23,3542,368,218
"background",368,368,69,170,-19,1395,139,76
"background",369,369,144,241,50,1651,172,103
"background",370,370,98,196,5,1146,116,64
"background",371,371,82,190,-18,1274,131,71
"background",372,372,29,155,-70,3462,333,194
"background",373,373,99,205,-2,916,92,57
"background",374,374,101,196,14,1165,127,74
"background",375,375,81,179,-9,2150,218,113
"background",376,376,34,161,-66,3379,326,191
"background",377,377,50,163,-40,2591,245,166
"background",378,378,130,230,38,2029,220,112
"background",379,379,58,164,-31,1932,178,131
"background",380,380,118,211,28,856,88,57
"background",381,381,129,231,35,978,114,58
"background",382,382,138,235,45,2172,229,129
"background",383,383,114,216,25,1074,108,66
"background",384,384,50,154,-37,1830,180,95
"background",385,385,120,224,30,1175,153,55
"background",386,386,97,217,-12,544,60,34
"background",387,387,144,244,52,1735,202,92
"background",388,388,86,184,-2,820,79,48
"background",389,389,71,174,-22,2579,259,134
"background",390,390,86,181,-3,2745,275,141
"background",391,391,44,164,-51,2264,218,141
"background",392,392,162,248,89,1243,135,81
"background",393,393,81,189,-12,2139,213,135
"background",394,394,134,237,40,1787,197,99
"background",395,395,105,211,2,571,63,31
"background",396,396,75,174,-11,1970,185,137
"background",397,397,152,240,71,1254,144,82
"background",398,398,59,186,-46,1431,138,89
"background",399,399,127,230,33,1176,141,61
"background",400,400,87,203,-14,3377,340,205
"background",401,401,69,170,-18,1235,122,66
"background",402,402,50,173,-49,1963,191,120
"background",403,403,112,210,15,1694,169,85
"background",404,404,110,199,19,1960,195,103
"background",405,405,45,150,-41,1864,187,97
"background",406,406,66,193,-40,1711,167,101
"background",407,407,80,178,-11,2477,252,127
"background",408,408,96,204,-2,3765,382,244
"background",409,409,140,242,44,1584,162,105
"background",410,410,74,196,-28,1859,187,110
"background",411,411,121,206,31,2793,263,170
"background",412,412,120,221,34,1225,154,61
"background",413,413,113,212,13,695,68,43
"background",414,414,162,248,89,1238,139,80
"background",415,415,95,192,4,1089,114,64
"background",416,416,52,169,-43,3272,321,201
"background",417,417,117,204,28,2176,214,115
"background",418,418,67,167,-22,2817,283,143
"background",419,419,101,222,-8,1545,156,90
"background",420,420,139,239,44,1249,129,82
"background",421,421,52,175,-47,1593,153,101
"background",422,422,125,216,41,1671,181,100
"background",423,423,90,201,-3,2348,239,154
"background",424,424,63,164,-25,1543,150,83
"background",425,425,114,207,30,3027,310,170
"background",426,426,154,241,75,1352,163,85
"background",427,427,151,239,70,1445,167,93
"background",428,428,87,193,-8,1018,100,66
"background",429,429,114,213,15,763,74,52
"background",430,430,72,173,-15,1061,105,61
"background",431,431,50,171,-47,1797,173,113
"background",432,432,152,241,67,1219,132,69
"background",433,433,99,201,14,2068,230,103
"background",434,434,128,226,40,1027,102,63
"background",435,435,124,226,32,1388,174,68
"background",436,436,54,178,-46,2205,217,132
"background",437,437,127,228,35,1743,181,95
"background",438,438,73,172,-17,1919,192,102
"background",439,439,107,210,21,1893,212,94
"background",440,440,64,165,-24,1795,177,95
"background",441,441,121,227,26,1467,147,90
"background",442,442,87,187,-8,2503,254,135
"background",443,443,49,173,-51,3458,340,204
"background",444,444,87,195,-12,954,94,62
"background",445,445,107,209,7,634,67,34
"background",446,446,124,221,41,1587,177,78
"background",447,447,160,246,87,1213,144,70
"background",448,448,102,212,7,1719,165,115
"background",449,449,44,153,-47,2584,252,132
"background",450,450,132,223,48,1233,131,76
"background",451,451,151,239,69,1396,162,92
"background",452,452,110,205,20,863,94,55
"background",453,453,136,224,52,1445,162,89
"background",454,454,84,180,-1,2450,230,172
"background",455,455,71,191,-33,881,82,61
"background",456,456,122,226,31,2518,300,133
"background",457,457,148,243,58,1269,139,79
"background",458,458,107,215,14,2305,255,130
"background",459,459,98,200,4,1139,152,62
"background",460,460,155,242,80,1549,184,84
"background",461,461,100,197,5,1023,107,62
"background",462,462,90,213,-19,927,94,51
"background",463,463,112,208,19,641,65,45
"background",464,464,138,242,43,1298,157,68
"background",465,465,125,219,40,1991,195,112
"background",466,466,113,210,20,657,66,46
"background",467,467,136,238,38,957,107,55
"background",468,468,139,236,46,2013,211,121
"background",469,469,110,209,10,762,77,50
"background",470,470,124,227,31,1481,149,84
"background",471,471,129,229,39,1130,110,73
"background",472,472,61,172,-30,2669,256,171
"background",473,473,115,221,19,1853,191,127
"background",474,474,81,202,-25,624,63,43
"background",475,475,85,173,2,1402,139,91
"background",476,476,131,227,44,1202,123,70
"background",477,477,125,220,39,2276,224,127
"background",478,478,106,197,16,3496,356,197
"background",479,479,123,227,30,2192,247,119
"background",480,480,109,218,14,2118,228,132
"background",481,481,48,152,-39,1898,188,98
"background",482,482,61,180,-39,3209,319,173
"background",483,483,98,200,-1,1077,99,64
"background",484,484,149,239,64,1226,137,77
"background",485,485,153,241,70,1360,156,86
"background",486,486,120,218,20,1731,176,87
"background",487,487,79,191,-22,1421,146,75
"background",488,488,39,160,-57,3073,298,187
"background",489,489,126,217,43,2352,231,140
"background",490,490,91,210,-14,749,77,49
"background",491,491,81,177,-8,2731,272,139
"background",492,492,130,230,42,944,111,52
"background",493,493,64,188,-40,3496,342,200
"background",494,494,120,221,33,1165,149,55
"background",495,495,102,191,14,901,86,62
"background",496,496,82,202,-24,1470,149,76
"background",497,497,103,193,15,2585,251,135
"background",498,498,125,225,35,1194,120,72
"background",499,499,153,241,81,1786,203,109
"background",500,500,103,204,3,908,85,54
"background",501,501,80,179,-13,2065,210,107
"background",502,502,75,200,-31,1643,163,97
"background",503,503,117,223,21,1816,181,115
"background",504,504,140,241,47,1744,195,95
"background",505,505,98,198,3,932,94,58
"background",506,506,77,199,-28,822,82,56
"background",507,507,128,225,41,974,94,63
"background",508,508,84,193,-15,605,63,37
"background",509,509,127,212,38,1931,192,105
"background",510,510,71,175,-23,1814,177,96
"background",511,511,102,208,11,999,104,67
"background",512,512,128,229,36,1221,149,62
"background",513,513,102,195,9,701,70,43
"background",514,514,134,237,38,1673,169,117
"background",515,515,110,214,19,917,97,58
"background",516,516,126,222,39,1183,113,73
"background",517,517,99,197,5,1252,125,68
"background",518,518,78,178,-11,1573,156,78
"background",519,519,109,208,9,770,76,49
"background",520,520,82,191,-16,651,67,42
"background",521,521,142,239,48,1559,162,97
"background",522,522,118,219,18,640,71,38
"background",523,523,129,235,31,1567,166,84
"background",524,524,140,241,42,810,90,48
"background",525,525,71,172,-19,2484,251,127
"background",526,526,137,242,41,1140,124,66
"background",527,527,94,188,1,1274,135,82
"background",528,528,125,219,37,717,84,35
"background",529,529,156,243,83,1856,213,108
"background",530,530,126,227,38,1133,141,60
"background",531,531,106,203,19,909,102,46
"background",532,532,152,240,74,1224,148,76
"background",533,533,100,209,7,2468,274,142
"background",534,534,100,206,9,2155,221,115
"background",535,535,68,169,-22,2024,203,104
"background",536,536,118,214,33,1578,156,91
"background",537,537,118,221,27,1503,173,84
"background",538,538,32,155,-66,3797,368,209
"background",539,539,100,191,9,1105,116,70
"background",540,540,126,231,31,1553,170,91
"background",541,541,117,215,31,1444,141,84
"background",542,542,138,240,41,848,97,46
"background",543,543,99,193,8,1076,113,70
"background",544,544,89,186,1,2494,236,172
"background",545,545,98,196,3,721,73,42
"background",546,546,33,159,-67,3543,342,199
"background",547,547,101,196,12,1183,129,75
"background",548,548,123,225,31,1297,158,69
"background",549,549,130,232,39,1097,132,56
"background",550,550,124,223,34,1916,197,98
"background",551,551,60,179,-38,3339,331,201
"background",552,552,95,193,4,1365,136,94
"background",553,553,83,184,-7,2509,236,169
"background",554,554,89,207,-17,824,77,56
"background",555,555,119,218,31,1167,112,71
"background",556,556,74,173,-15,2896,291,148
"background",557,557,145,242,50,1390,144,92
"background",558,558,130,234,33,1164,133,66
"background",559,559,154,242,76,1596,186,99
"background",560,560,92,193,0,1220,122,86
"background",561,561,68,168,-17,2413,222,167
"background",562,562,71,171,-18,1528,150,82
"background",563,563,152,240,72,1245,144,81
"background",564,564,90,184,-1,1400,145,92
"background",565,565,143,237,53,1870,206,113
"background",566,566,127,221,40,1752,170,98
"background",567,567,49,174,-52,3465,341,203
"background",568,568,129,230,35,2217,223,139
"background",569,569,136,230,51,867,91,54
"background",570,570,92,214,-16,638,63,36
"background",571,571,69,169,-20,1508,147,81
"background",572,572,122,221,34,1020,100,64
"background",573,573,80,188,-8,2807,294,146
"background",574,574,51,171,-45,1971,191,123
"background",575,575,126,229,33,981,102,64
"background",576,576,78,166,-3,1491,147,99
"background",577,577,94,195,-1,698,72,42
"background",578,578,70,191,-34,743,74,53
"background",579,579,123,222,37,1137,143,55
"background",580,580,123,226,33,1264,150,66
"background",581,581,46,169,-54,3950,385,222
"background",582,582,127,223,40,2125,215,113
"background",583,583,76,184,-17,2078,202,133
"background",584,584,35,141,-49,2055,221,104
"background",585,585,115,222,19,1979,204,131
"background",586,586,146,236,64,1552,181,100
"background",587,587,100,201,1,991,93,66
"background",588,588,106,213,6,4668,476,301
"background",589,589,89,188,2,923,93,49
"background",590,590,157,244,83,1636,180,106
"background",591,591,77,202,-30,800,80,55
"background",592,592,128,232,33,1594,165,98
"background",593,593,95,205,0,2388,249,154
"background",594,594,79,184,-12,3018,289,198
"background",595,595,85,206,-22,576,60,39
"background",596,596,67,181,-28,1321,124,90
"background",597,597,120,213,33,871,96,49
"background",598,598,84,198,-15,3717,372,229
"background",599,599,102,223,-7,1199,121,69
"background",600,600,114,205,31,1054,116,68
"background",601,601,161,246,88,1194,140,69
"background",602,602,148,237,71,1719,203,103
"background",603,603,64,191,-41,1711,167,102
"background",604,604,124,213,46,1361,145,68
"background",605,605,110,214,20,1593,167,88
"background",606,606,80,184,-10,2770,261,183
"background",607,607,120,223,25,2164,224,141
"background",608,608,102,207,5,4718,483,309
"background",609,609,112,221,17,1979,210,128
"background",610,610,38,165,-61,3053,297,180
"background",611,611,113,211,16,1244,126,64
"background",612,612,154,241,74,1151,136,72
"background",613,613,101,211,6,2112,216,129
"background",614,614,151,239,74,1718,209,99
"background",615,615,114,207,27,969,110,61
"background",616,616,114,213,26,2794,292,142
"background",617,617,65,186,-36,1067,101,75
"background",618,618,149,237,68,1222,140,73
"background",619,619,100,210,5,1825,179,122
"background",620,620,82,208,-25,1276,126,75
"background",621,621,43,166,-55,2872,280,172
"background",622,622,89,209,-19,573,56,39
"background",623,623,89,183,3,2460,232,174
"background",624,624,98,205,6,1616,166,102
"background",625,625,94,215,-15,665,65,41
"background",626,626,133,226,50,1163,131,57
"background",627,627,121,224,30,1311,162,67
"background",628,628,54,176,-45,3699,366,220
"background",629,629,138,241,42,1650,172,103
"background",630,630,131,223,50,1394,160,64
"background",631,631,89,184,-1,2884,285,141
"background",632,632,143,234,60,1230,140,74
"background",633,633,72,196,-35,934,88,58
"background",634,634,98,195,4,2164,229,104
"background",635,635,133,239,36,1554,165,85
"background",636,636,136,225,52,1319,146,82
"background",637,637,125,219,40,1264,124,77
"background",638,638,113,212,13,793,75,54
"background",639,639,112,211,11,728,73,46
"background",640,640,70,186,-27,1330,130,86
"background",641,641,136,226,51,1002,105,62
"background",642,642,118,219,17,633,69,39
"background",643,643,85,197,-12,1046,102,69
"background",644,644,99,192,7,751,73,48
"background",645,645,128,221,40,726,83,41
"background",646,646,77,175,-13,1977,200,105
"background",647,647,100,194,6,1086,112,66
"background",648,648,107,217,12,1575,151,107
"background",649,649,102,212,6,1848,181,127
"background",650,650,93,186,7,2227,212,157
"background",651,651,127,227,36,1520,151,83
"background",652,652,104,202,9,588,63,35
"background",653,653,51,170,-45,1568,148,102
"background",654,654,73,172,-16,2445,242,122
"background",655,655,84,183,-5,1036,102,56
"background",656,656,62,171,-28,1860,169,124
"background",657,657,117,216,21,842,87,44
"background",658,658,92,192,1,1371,136,67
"background",659,659,131,218,54,1035,122,51
"background",660,660,148,239,63,1232,138,74
"background",661,661,93,192,3,2734,261,184
"background",662,662,133,235,41,2342,279,119
"background",663,663,129,230,30,681,70,35
"background",664,664,72,172,-18,2646,268,135
"background",665,665,95,193,2,1026,104,58
"background",666,666,117,218,19,755,95,44
"background",667,667,56,179,-45,2634,260,156
"background",668,668,133,231,42,1771,186,109
"background",669,669,116,223,19,1491,144,105
"background",670,670,93,189,1,1937,200,106
"background",671,671,152,243,66,1349,142,90
"background",672,672,95,189,5,2222,224,116
"background",673,673,93,186,4,2625,260,135
"background",674,674,61,163,-27,1739,170,92
"background",675,675,106,207,5,847,82,51
"background",676,676,97,191,6,1187,122,77
"background",677,677,125,226,34,1460,144,83
"background",678,678,73,171,-15,3729,368,192
"background",679,679,80,183,-14,959,94,67
"background",680,680,71,187,-25,2140,215,132
"background",681,681,75,192,-24,1206,120,78
"background",682,682,100,195,15,1092,123,68
"background",683,683,140,240,44,1202,124,79
"background",684,684,63,180,-38,876,85,63
"background",685,685,86,201,-17,3901,385,230
"background",686,686,112,202,20,1793,180,95
"background",687,687,125,217,42,1761,186,105
"background",688,688,141,242,49,2083,257,118
"background",689,689,162,248,89,1414,146,91
"background",690,690,79,175,-9,3507,348,181
"background",691,691,127,221,41,1973,192,111
"background",692,692,114,210,33,1966,216,93
"background",693,693,145,234,69,1946,236,109
"background",694,694,119,217,31,2631,279,134
"background",695,695,112,221,16,1425,140,95
"background",696,696,105,202,13,739,78,49
"background",697,697,153,241,71,1288,148,80
"background",698,698,121,217,24,3819,372,258
"background",699,699,74,191,-24,1164,114,77
"background",700,700,93,212,-12,3901,391,236
"background",701,701,75,173,-14,2562,254,129
"background",702,702,94,205,0,2243,228,146
"background",703,703,51,171,-45,3021,297,184
"background",704,704,74,173,-16,2763,279,142
"background",705,705,57,161,-30,2168,199,148
"background",706,706,77,176,-11,1075,103,63
"background",707,707,133,235,38,1453,150,91
"background",708,708,93,202,1,1542,156,101
"background",709,709,62,183,-41,896,86,63
"background",710,710,156,243,84,1622,188,96
"background",711,711,104,199,18,945,102,54
"background",712,712,134,237,38,962,115,50
"background",713,713,138,238,43,1247,128,85
"background",714,714,132,231,42,1123,106,75
"background",715,715,126,232,30,1772,183,115
"background",716,716,116,218,28,1778,197,89
"background",717,717,80,187,-12,1842,173,120
"background",718,718,56,169,-36,2055,194,133
"background",719,719,105,205,8,757,78,51
"background",720,720,98,205,0,918,95,57
"background",721,721,132,226,46,1934,190,113
"background",722,722,83,205,-25,630,67,41
"background",723,723,109,218,14,1655,162,104
"background",724,724,78,185,-16,2896,288,185
"background",725,725,116,219,26,1299,131,74
"background",726,726,92,202,-1,2555,271,166
"background",727,727,124,221,33,775,85,39
"background",728,728,101,205,4,4737,485,311
"background",729,729,142,232,63,1651,189,106
"background",730,730,119,217,20,3799,371,254
"background",731,731,152,242,68,1222,131,70
"background",732,732,125,224,36,1902,194,97
"background",733,733,64,191,-42,1949,191,115
"background",734,734,121,218,34,1371,133,81
"background",735,735,119,222,30,1240,160,59
"background",736,736,77,179,-17,2111,211,111
"background",737,737,90,194,-4,1057,104,71
"background",738,738,97,189,7,2403,240,124
"background",739,739,138,238,46,2353,287,123
"background",740,740,107,200,15,3011,304,146
"background",741,741,40,167,-61,3335,323,190
"background",742,742,96,189,5,1129,119,72
"background",743,743,93,189,9,995,109,57
"background",744,744,112,206,16,1506,154,83
"background",745,745,129,221,45,1249,129,75
"background",746,746,128,225,40,991,96,62
"background",747,747,104,196,14,2620,254,131
"background",748,748,95,191,1,1308,139,83
"background",749,749,67,168,-21,1281,125,69
"background",750,750,150,238,69,1384,160,92
"background",751,751,111,210,10,748,75,47
"background",752,752,49,176,-54,2933,287,171
"background",753,753,30,155,-69,3173,305,175
"background",754,754,109,210,8,621,64,35
"background",755,755,62,186,-42,3592,355,208
"background",756,756,126,220,24,1010,97,63
"background",757,757,103,207,1,662,70,35
"background",758,758,95,180,10,1192,119,72
"background",759,759,129,229,36,2396,249,143
"background",760,760,116,214,17,1678,167,86
"background",761,761,99,222,-13,511,57,31
"background",762,762,90,187,3,1090,116,67
"background",763,763,101,191,14,2698,262,141
"background",764,764,158,245,83,1602,187,91
"background",765,765,139,244,43,1110,120,62
"background",766,766,139,239,44,1362,138,86
"background",767,767,62,165,-29,2653,266,135
"background",768,768,119,227,22,1706,172,105
"background",769,769,124,217,39,1729,174,99
"background",770,770,81,180,-6,1056,108,63
"background",771,771,105,195,14,648,76,38
"background",772,772,17,142,-78,3159,300,190
"background",773,773,122,223,33,1183,119,70
"background",774,774,91,197,-3,1299,123,86
"background",775,775,142,237,52,1413,160,86
"background",776,776,147,237,64,1152,131,69
"background",777,777,128,214,51,1042,118,52
"background",778,778,106,229,-6,528,58,35
"background",779,779,143,240,49,1645,170,103
"background",780,780,130,227,42,988,99,61
"background",781,781,129,231,34,1266,156,63
"background",782,782,146,238,59,1385,144,92
"background",783,783,83,184,-10,1303,132,70
"background",784,784,52,164,-39,2370,223,153
"background",785,785,52,155,-35,1651,165,87
"background",786,786,109,210,21,1486,148,82
"background",787,787,96,196,-1,1136,108,73
"background",788,788,124,220,38,1243,119,76
"background",789,789,108,212,18,1822,219,94
"background",790,790,82,203,-23,4080,409,242
"background",791,791,143,238,53,1381,147,84
"background",792,792,82,194,-15,1941,198,120
"background",793,793,157,245,73,1687,207,98
"background",794,794,74,196,-31,783,73,53
"background",795,795,82,189,-16,824,80,57
"background",796,796,122,225,33,1327,147,69
"background",797,797,39,167,-63,2548,245,148
"background",798,798,91,186,-2,1312,139,85
"background",799,799,82,191,-16,670,69,41
"background",800,800,101,193,9,793,78,51
"background",801,801,48,171,-53,1171,107,77
"background",802,802,77,186,-12,2574,270,141
"background",803,803,85,210,-24,756,75,52
"background",804,804,23,146,-71,3601,346,217
"background",805,805,137,228,53,865,85,58
"background",806,806,118,226,15,4322,454,282
"background",807,807,66,188,-38,814,79,58
"background",808,808,129,221,44,1299,133,78
"background",809,809,124,230,26,1618,164,95
"background",810,810,121,227,25,1562,154,112
"background",811,811,154,241,75,1158,136,74
"background",812,812,117,204,24,3490,345,225
"background",813,813,58,163,-34,2507,249,128
"background",814,814,90,189,0,2759,262,186
"background",815,815,111,211,11,724,74,46
"background",816,816,126,230,30,1091,126,68
"background",817,817,110,209,25,2109,211,114
"background",818,818,86,185,-4,1154,115,66
"background",819,819,125,220,33,1299,137,62
"background",820,820,39,163,-62,1396,127,88
"background",821,821,82,202,-21,4922,492,295
"background",822,822,96,198,-1,756,78,45
"background",823,823,96,188,11,2230,213,156
"background",824,824,73,173,-16,1255,128,71
"background",825,825,140,237,49,1401,145,89
"background",826,826,74,174,-13,907,88,52
"background",827,827,98,193,6,1116,121,71
"background",828,828,70,178,-27,2748,280,142
"background",829,829,88,195,-2,1875,202,109
"background",830,830,126,221,41,1160,112,72
"background",831,831,160,245,89,1057,123,63
"background",832,832,136,237,41,1311,135,86
"background",833,833,98,209,-4,857,89,54
"background",834,834,108,193,21,712,68,46
"background",835,835,98,194,5,1086,111,66
"background",836,836,111,207,14,583,63,33
"background",837,837,96,191,5,1146,119,73
"background",838,838,95,197,-2,1512,163,83
"background",839,839,77,202,-31,1152,112,69
"background",840,840,86,187,-9,1652,162,92
"background",841,841,137,238,42,1631,166,108
"background",842,842,77,179,-16,4052,411,214
"background",843,843,131,228,44,1186,122,69
"background",844,844,70,189,-33,2648,265,141
"background",845,845,96,197,1,1110,115,70
"background",846,846,83,182,-9,1253,131,84
"background",847,847,89,198,-12,953,93,63
"background",848,848,92,200,-6,995,100,64
"background",849,849,84,196,-19,949,91,63
"background",850,850,73,190,-30,1364,136,73
"background",851,851,135,229,50,887,90,57
"background",852,852,153,241,70,1395,165,91
"background",853,853,118,222,29,1464,168,74
"background",854,854,50,177,-54,1526,144,91
"background",855,855,94,206,-10,780,78,52
"background",856,856,117,223,21,1755,179,120
"background",857,857,59,163,-28,2038,188,140
"background",858,858,131,228,42,1867,192,97
"background",859,859,111,197,24,2963,283,164
"background",860,860,111,218,18,1732,173,101
"background",861,861,92,205,-12,916,86,61
"background",862,862,117,219,17,634,68,40
"background",863,863,59,180,-40,2294,227,138
"background",864,864,105,206,9,5182,538,331
"background",865,865,133,222,48,1441,156,90
"background",866,866,117,224,22,1902,209,110
"background",867,867,87,213,-22,720,75,47
"background",868,868,97,193,3,2169,226,104
"background",869,869,102,207,11,2088,214,111
"background",870,870,83,193,-17,617,64,38
"background",871,871,141,239,48,1408,148,86
"background",872,872,113,220,21,2101,241,122
"background",873,873,127,231,31,1492,150,90
"background",874,874,121,211,37,938,99,61
"background",875,875,151,240,67,1313,142,73
"background",876,876,98,212,-8,677,69,44
"background",877,877,124,214,46,1560,174,73
"background",878,878,155,242,75,1130,133,71
"background",879,879,128,233,31,1282,144,72
"background",880,880,103,200,23,1932,220,91
"background",881,881,142,237,53,1426,155,85
"background",882,882,102,209,11,2719,312,151
"background",883,883,135,231,48,908,93,58
"background",884,884,82,194,-19,900,89,62
"background",885,885,112,199,23,2433,237,135
"background",886,886,118,226,23,1691,193,91
"background",887,887,118,220,18,618,69,38
"background",888,888,126,226,35,1667,170,88
"background",889,889,110,198,19,3706,373,210
"background",890,890,118,215,32,1467,144,85
"background",891,891,61,181,-41,911,88,68
"background",892,892,136,238,40,794,89,46
"background",893,893,124,222,25,1625,171,79
"background",894,894,145,241,51,1495,155,95
"background",895,895,130,230,37,2427,253,145
"background",896,896,118,218,30,1093,107,67
"background",897,897,148,237,70,1872,219,114
"background",898,898,105,198,17,1185,131,75
"background",899,899,88,198,-3,2013,207,125
"background",900,900,29,148,-66,3487,339,184
"background",901,901,80,191,-16,1054,101,70
"background",902,902,135,225,50,1046,110,65
"background",903,903,149,242,60,1917,210,122
"background",904,904,116,208,30,984,113,61
"background",905,905,136,234,44,1683,179,99
"background",906,906,154,242,81,1765,195,111
"background",907,907,143,233,60,1269,144,76
"background",908,908,103,208,2,580,63,31
"background",909,909,122,227,25,1598,160,116
"background",910,910,140,236,50,1522,169,91
"background",911,911,101,209,6,1749,180,109
"background",912,912,140,242,42,773,85,46
"background",913,913,129,234,33,1772,187,107
"background",914,914,127,223,41,1504,145,87
"background",915,915,134,235,40,1415,148,92
"background",916,916,139,231,52,1542,160,92
"background",917,917,132,234,37,1012,122,55
"background",918,918,133,237,37,1725,179,110
"background",919,919,116,219,29,1259,159,61
"background",920,920,156,243,79,1656,194,103
"background",921,921,103,212,7,2022,204,134
"background",922,922,157,244,83,1459,172,81
"background",923,923,53,179,-51,1260,117,80
"background",924,924,80,201,-27,755,69,51
"background",925,925,151,239,71,1812,214,108
"background",926,926,106,195,17,2493,246,133
"background",927,927,98,196,5,968,99,61
"background",928,928,114,208,22,648,63,47
"background",929,929,123,223,35,1534,163,86
"background",930,930,41,168,-60,3390,329,194
"background",931,931,115,206,38,1461,171,70
"background",932,932,87,187,-7,2274,229,123
"background",933,933,154,242,75,1418,167,89
"background",934,934,103,194,12,750,74,48
"background",935,935,89,208,-17,3677,367,222
"background",936,936,106,192,20,702,67,47
"background",937,937,59,170,-27,3567,380,188
"background",938,938,96,198,10,2116,236,105
"background",939,939,86,194,-14,1207,125,68
"background",940,940,89,200,-13,1444,150,75
"background",941,941,115,213,13,577,57,34
"background",942,942,105,203,15,881,90,44
"background",943,943,101,198,6,687,70,39
"background",944,944,83,193,-9,2369,246,146
"background",945,945,115,215,27,1194,115,71
"background",946,946,117,203,26,3223,310,202
"background",947,947,131,236,34,1277,143,69
"background",948,948,106,204,15,981,103,47
"background",949,949,124,219,35,731,86,35
"background",950,950,37,162,-62,1534,141,101
"background",951,951,155,242,82,1487,174,86
"background",952,952,45,165,-55,2356,229,126
"background",953,953,86,187,-8,2078,208,114
"background",954,954,140,238,46,1702,179,104
"background",955,955,106,206,7,845,81,59
"background",956,956,61,174,-38,1647,160,90
"background",957,957,149,237,68,1511,175,97
"background",958,958,92,194,-4,1035,109,65
"background",959,959,100,206,8,2321,240,125
"background",960,960,142,244,47,1429,151,85
"background",961,961,92,205,-11,834,85,54
"background",962,962,90,181,3,1284,128,81
"background",963,963,115,220,22,1669,171,93
"background",964,964,68,175,-27,2429,243,127
"background",965,965,97,193,3,1221,126,76
"background",966,966,95,206,1,2187,221,145
"background",967,967,91,186,0,2301,233,119
"background",968,968,132,224,42,1295,143,63
"background",969,969,87,199,-9,1215,126,75
"background",970,970,110,206,18,747,78,51
"background",971,971,88,179,2,1315,131,84
"background",972,972,71,171,-17,2757,283,133
"background",973,973,74,201,-33,1244,121,76
"background",974,974,105,211,2,741,78,43
"background",975,975,93,197,-1,1164,114,82
"background",976,976,91,191,-1,1538,148,105
"background",977,977,60,172,-37,2064,205,109
"background",978,978,122,226,28,1812,187,106
"background",979,979,89,187,-4,1110,116,72
"background",980,980,102,191,13,742,77,49
"background",981,981,82,171,-1,1412,140,92
"background",982,982,78,185,-15,1863,176,121
"background",983,983,92,207,-13,687,72,42
"background",984,984,152,240,79,1826,204,113
"background",985,985,127,230,33,1628,168,99
"background",986,986,96,202,-4,484,54,29
"background",987,987,60,163,-29,2003,198,103
"background",988,988,115,213,17,1616,164,81
"background",989,989,151,241,67,1208,132,70
"background",990,990,54,177,-49,1067,99,72
"background",991,991,22,145,-75,3160,303,170
"background",992,992,154,241,79,1745,194,110
"background",993,993,111,213,24,1837,204,92
"background",994,994,49,169,-47,1781,170,113
"background",995,995,30,154,-66,2486,237,152
"background",996,996,88,189,-8,3177,324,173
"background",997,997,105,194,16,2487,242,130
"background",998,998,126,218,41,1459,148,86
"background",999,999,128,231,32,1689,176,113
"background",1000,1000,90,177,7,1379,138,88
