"species","x","y","bio01nz","bio05nz","bio06nz","bio12nz","bio13nz","bio14nz"
"species",1,1,105,195,17,2474,241,129
"species",2,2,109,200,18,2369,230,120
"species",3,3,149,239,65,1666,198,101
"species",4,4,113,202,22,2421,235,123
"species",5,5,106,209,7,766,93,47
"species",6,6,116,200,29,2750,259,155
"species",7,7,80,203,-25,3586,362,208
"species",8,8,99,218,-8,2697,277,155
"species",9,9,133,226,47,1961,192,120
"species",10,10,121,217,25,1550,154,76
"species",11,11,77,176,-14,2368,242,115
"species",12,12,121,214,24,1896,208,95
"species",13,13,114,205,30,1119,120,74
"species",14,14,136,227,64,2045,237,114
"species",15,15,152,240,69,1410,169,94
"species",16,16,119,227,16,4845,520,320
"species",17,17,78,176,-11,2602,264,133
"species",18,18,110,219,14,2006,207,125
"species",19,19,103,202,22,1679,201,78
"species",20,20,95,213,-11,3924,396,235
"species",21,21,119,226,16,4144,436,265
"species",22,22,109,212,18,1010,105,62
"species",23,23,109,207,28,1971,222,93
"species",24,24,125,225,35,1225,124,73
"species",25,25,106,204,9,1561,154,80
"species",26,26,89,202,-15,813,85,50
"species",27,27,104,204,7,775,80,51
"species",28,28,129,218,36,2453,245,126
"species",29,29,74,197,-28,1261,127,77
"species",30,30,79,192,-17,2072,210,128
"species",31,31,101,211,6,2258,237,142
"species",32,32,104,207,2,1000,98,57
"species",33,33,127,222,40,2035,200,111
"species",34,34,79,204,-28,2002,200,113
"species",35,35,113,217,23,1679,204,86
"species",36,36,87,185,-4,2359,250,112
"species",37,37,129,224,35,1698,179,81
"species",38,38,119,226,16,4492,473,294
"species",39,39,109,198,19,4081,407,235
"species",40,40,143,233,70,1915,226,105
"species",41,41,110,222,5,4351,449,275
"species",42,42,158,243,87,1057,126,63
"species",43,43,147,241,57,2028,227,132
"species",44,44,131,228,42,2576,277,154
"species",45,45,136,228,53,1341,150,82
"species",46,46,122,220,27,1500,160,71
"species",47,47,115,210,26,1453,157,69
"species",48,48,162,246,91,1018,119,62
"species",49,49,164,249,93,1024,118,64
"species",50,50,124,225,32,2459,254,146
"species",51,51,110,204,26,3633,372,200
"species",52,52,111,203,28,1088,117,71
"species",53,53,121,210,45,1493,177,70
"species",54,54,126,228,37,1156,129,62
"species",55,55,96,202,6,1730,183,98
"species",56,56,117,212,35,1829,195,90
"species",57,57,119,210,35,3053,311,178
"species",58,58,95,206,-9,819,88,48
"species",59,59,81,180,-7,1163,122,69
"species",60,60,112,213,28,1810,203,89
"species",61,61,99,188,9,1097,111,64
"species",62,62,96,192,3,2206,230,106
"species",63,63,104,202,22,1708,204,80
"species",64,64,101,211,6,2267,239,141
"species",65,65,111,219,8,4316,439,284
"species",66,66,109,211,23,1814,205,90
"species",67,67,94,195,-2,1035,106,65
"species",68,68,119,227,16,5038,544,334
"species",69,69,127,218,46,1224,128,64
"species",70,70,104,208,3,666,69,36
"species",71,71,118,210,24,2731,283,133
